   76.4000
  151.6000
   26.0000
  135.0000
   19.2000
   15.4000
   85.6000
   68.4000
   66.4000
   41.6000
   20.0000
   78.2000
   33.2000
   62.4000
   53.6000
   82.8000
   42.8000
   61.6000
   24.8000
   55.2000
   36.8000
   60.4000
   26.8000
   93.8000
   72.8000
   29.8000
   84.0000
   75.2000
   94.0000
  170.0000
   85.6000
   72.0000
  172.8000
  152.0000
   20.4000
  146.4000
  186.4000
   47.2000
   90.0000
  179.6000
  148.4000
  174.0000
  145.6000
  154.8000
  130.4000
  136.8000
  178.4000
  144.8000
  127.2000
  113.2000
  138.0000
  118.4000
    8.0000
  121.6000
  131.2000
  119.6000
   99.8000
  113.2000
  119.2000
   90.6000
  143.6000
   11.0000
   60.4000
  108.4000
  118.4000
  137.6000
   45.2000
  200.0000
   65.2000
  141.6000
   95.6000
   61.0000
   85.6000
   92.4000
   63.2000
   52.2000
   50.8000
  128.0000
  149.2000
   48.2000
   83.2000
   89.6000
   87.6000
   30.4000
  115.2000
   67.2000
   90.4000
  105.2000
   54.0000
   71.6000
  201.2000
  125.6000
  149.6000
    7.2000
    6.2000
   96.4000
   24.4000
   22.4000
  153.2000
   84.4000
   23.6000
  160.8000
   64.8000
  108.4000
   53.2000
  156.0000
  140.8000
  158.4000
   40.4000
   85.2000
   87.2000
  185.2000
  175.2000
  180.8000
  163.2000
   54.4000
   47.6000
   36.4000
  183.2000
  186.6000
  191.2000
  187.2000
  156.8000
   39.2000
  142.8000
   30.2000
   43.6000
  149.6000
  136.8000
   74.8000
