200 50
199.2 50.024
198.4 50.047
197.6 50.07
196.8 50.093
196 50.116
195.2 50.139
194.4 50.161
193.6 50.184
192.8 50.206
192 50.228
191.2 50.25
190.4 50.272
189.6 50.294
188.8 50.315
188 50.336
187.2 50.357
186.4 50.377
185.6 50.398
184.8 50.418
184 50.439
183.2 50.459
182.4 50.479
181.6 50.498
180.8 50.518
180 50.538
179.2 50.558
178.4 50.578
177.6 50.598
176.8 50.618
176 50.639
175.2 50.66
174.4 50.682
173.6 50.703
172.8 50.725
172 50.747
171.2 50.768
170.4 50.789
169.6 50.811
168.8 50.832
168 50.854
167.2 50.875
166.4 50.897
165.6 50.918
164.8 50.94
164 50.962
163.2 50.984
162.4 51.007
161.6 51.029
160.8 51.052
160 51.075
159.2 51.098
158.4 51.121
157.6 51.144
156.8 51.168
156 51.191
155.2 51.215
154.4 51.239
153.6 51.262
152.8 51.286
152 51.31
151.2 51.333
150.4 51.356
149.6 51.379
148.8 51.402
148 51.425
147.2 51.448
146.4 51.47
145.6 51.493
144.8 51.515
144 51.538
143.2 51.56
142.4 51.583
141.6 51.606
140.8 51.629
140 51.653
139.2 51.677
138.4 51.701
137.6 51.726
136.8 51.752
136 51.778
135.2 51.805
134.4 51.832
133.6 51.861
132.8 51.89
132 51.919
131.2 51.95
130.4 51.981
129.6 52.012
128.8 52.045
128 52.078
127.2 52.112
126.4 52.147
125.6 52.183
124.8 52.219
124 52.257
123.2 52.295
122.4 52.334
121.6 52.373
120.8 52.414
120 52.455
119.2 52.497
118.4 52.54
117.6 52.584
116.8 52.629
116 52.675
115.2 52.722
114.4 52.77
113.6 52.819
112.8 52.87
112 52.922
111.2 52.975
110.4 53.029
109.6 53.084
108.8 53.141
108 53.199
107.2 53.257
106.4 53.317
105.6 53.377
104.8 53.439
104 53.502
103.2 53.567
102.4 53.633
101.6 53.7
100.8 53.769
100 53.84
99.2 53.912
98.4 53.985
97.6 54.06
96.8 54.137
96 54.215
95.2 54.295
94.4 54.376
93.6 54.459
92.8 54.543
92 54.63
91.2 54.717
90.4 54.807
89.6 54.898
88.8 54.991
88 55.086
87.2 55.183
86.4 55.282
85.6 55.382
84.8 55.485
84 55.589
83.2 55.695
82.4 55.804
81.6 55.914
80.8 56.026
80 56.14
79.2 56.257
78.4 56.375
77.6 56.496
76.8 56.62
76 56.745
75.2 56.873
74.4 57.004
73.6 57.136
72.8 57.271
72 57.408
71.2 57.547
70.4 57.689
69.6 57.833
68.8 57.98
68 58.129
67.2 58.281
66.4 58.435
65.6 58.591
64.8 58.75
64 58.912
63.2 59.076
62.4 59.242
61.6 59.411
60.8 59.583
60 59.757
59.2 59.934
58.4 60.113
57.6 60.294
56.8 60.477
56 60.662
55.2 60.849
54.4 61.037
53.6 61.227
52.8 61.418
52 61.611
51.2 61.805
50.4 62
49.6 62.196
48.8 62.393
48 62.59
47.2 62.788
46.4 62.986
45.6 63.184
44.8 63.382
44 63.58
43.2 63.778
42.4 63.975
41.6 64.171
40.8 64.366
40 64.559
39.2 64.751
38.4 64.941
37.6 65.129
36.8 65.314
36 65.496
35.2 65.675
34.4 65.851
33.6 66.022
32.8 66.19
32 66.353
31.2 66.511
30.4 66.664
29.6 66.812
28.8 66.953
28 67.089
27.2 67.218
26.4 67.34
25.6 67.455
24.8 67.563
24 67.663
23.2 67.755
22.4 67.839
21.6 67.914
20.8 67.981
20 68.039
19.2 68.087
18.4 68.126
17.6 68.156
16.8 68.176
16 68.187
15.2 68.187
14.4 68.178
13.6 68.158
12.8 68.129
12 68.09
11.2 68.042
10.4 67.983
9.6 67.915
8.8 67.838
8 67.751
7.2 67.656
6.4 67.551
5.6 67.438
4.8 67.317
4 67.188
3.2 67.05
2.4 66.906
1.6 66.755
0.8 66.597
0 66.432
-0.8 66.262
-1.6 66.087
-2.4 65.906
-3.2 65.72
-4 65.53
-4.8 65.336
-5.6 65.138
-6.4 64.937
-7.2 64.733
-8 64.527
-8.8 64.318
-9.6 64.107
-10.4 63.895
-11.2 63.682
-12 63.467
-12.8 63.252
-13.6 63.037
-14.4 62.821
-15.2 62.605
-16 62.39
-16.8 62.175
-17.6 61.962
-18.4 61.749
-19.2 61.537
-20 61.326
-20.8 61.117
-21.6 60.909
-22.4 60.703
-23.2 60.499
-24 60.297
-24.8 60.097
-25.6 59.9
-26.4 59.704
-27.2 59.51
-28 59.319
-28.8 59.131
-29.6 58.945
-30.4 58.761
-31.2 58.579
-32 58.4
-32.8 58.224
-33.6 58.05
-34.4 57.878
-35.2 57.709
-36 57.543
-36.8 57.379
-37.6 57.217
-38.4 57.058
-39.2 56.902
-40 56.748
-40.8 56.596
-41.6 56.447
-42.4 56.3
-43.2 56.155
-44 56.013
-44.8 55.873
-45.6 55.735
-46.4 55.599
-47.2 55.466
-48 55.335
-48.8 55.206
-49.6 55.08
-50.4 54.956
-51.2 54.834
-52 54.715
-52.8 54.598
-53.6 54.483
-54.4 54.37
-55.2 54.259
-56 54.15
-56.8 54.043
-57.6 53.938
-58.4 53.834
-59.2 53.731
-60 53.63
-60.8 53.53
-61.6 53.432
-62.4 53.335
-63.2 53.239
-64 53.145
-64.8 53.051
-65.6 52.958
-66.4 52.867
-67.2 52.776
-68 52.686
-68.8 52.596
-69.6 52.508
-70.4 52.42
-71.2 52.333
-72 52.247
-72.8 52.161
-73.6 52.077
-74.4 51.993
-75.2 51.909
-76 51.827
-76.8 51.745
-77.6 51.663
-78.4 51.582
-79.2 51.502
-80 51.422
-80.8 51.342
-81.6 51.263
-82.4 51.185
-83.2 51.107
-84 51.029
-84.8 50.952
-85.6 50.876
-86.4 50.801
-87.2 50.726
-88 50.652
-88.8 50.578
-89.6 50.506
-90.4 50.434
-91.2 50.363
-92 50.293
-92.8 50.224
-93.6 50.155
-94.4 50.087
-95.2 50.02
-96 49.954
-96.8 49.889
-97.6 49.825
-98.4 49.761
-99.2 49.699
-100 49.637
-100.8 49.577
-101.6 49.517
-102.4 49.458
-103.2 49.4
-104 49.343
-104.8 49.287
-105.6 49.232
-106.4 49.178
-107.2 49.125
-108 49.072
-108.8 49.021
-109.6 48.969
-110.4 48.919
-111.2 48.87
-112 48.821
-112.8 48.774
-113.6 48.727
-114.4 48.682
-115.2 48.637
-116 48.592
-116.8 48.549
-117.6 48.506
-118.4 48.464
-119.2 48.422
-120 48.381
-120.8 48.34
-121.6 48.3
-122.4 48.261
-123.2 48.222
-124 48.183
-124.8 48.145
-125.6 48.108
-126.4 48.071
-127.2 48.035
-128 48
-128.8 47.965
-129.6 47.931
-130.4 47.897
-131.2 47.864
-132 47.832
-132.8 47.801
-133.6 47.77
-134.4 47.74
-135.2 47.711
-136 47.683
-136.8 47.656
-137.6 47.629
-138.4 47.604
-139.2 47.579
-140 47.555
-140.8 47.532
-141.6 47.51
-142.4 47.488
-143.2 47.467
-144 47.447
-144.8 47.428
-145.6 47.409
-146.4 47.391
-147.2 47.373
-148 47.357
-148.8 47.341
-149.6 47.327
-150.4 47.313
-151.2 47.3
-152 47.288
-152.8 47.277
-153.6 47.267
-154.4 47.258
-155.2 47.25
-156 47.242
-156.8 47.236
-157.6 47.231
-158.4 47.226
-159.2 47.222
-160 47.219
-160.8 47.217
-161.6 47.216
-162.4 47.215
-163.2 47.216
-164 47.217
-164.8 47.219
-165.6 47.222
-166.4 47.226
-167.2 47.231
-168 47.236
-168.8 47.242
-169.6 47.249
-170.4 47.257
-171.2 47.266
-172 47.276
-172.8 47.287
-173.6 47.298
-174.4 47.31
-175.2 47.323
-176 47.337
-176.8 47.351
-177.6 47.367
-178.4 47.382
-179.2 47.399
-180 47.415
-180.8 47.433
-181.6 47.451
-182.4 47.469
-183.2 47.488
-184 47.507
-184.8 47.528
-185.6 47.548
-186.4 47.569
-187.2 47.59
-188 47.612
-188.8 47.635
-189.6 47.657
-190.4 47.68
-191.2 47.704
-192 47.727
-192.8 47.751
-193.6 47.775
-194.4 47.799
-195.2 47.823
-196 47.847
-196.8 47.872
-197.6 47.896
-198.4 47.92
-199.2 47.945
-200 47.969
-200.8 47.994
-201.6 48.019
-202.4 48.044
-203.2 48.069
-204 48.095
-204.8 48.12
