200 35
199.2 35.017
198.4 35.033
197.6 35.049
196.8 35.064
196 35.078
195.2 35.092
194.4 35.104
193.6 35.116
192.8 35.128
192 35.138
191.2 35.148
190.4 35.158
189.6 35.167
188.8 35.175
188 35.183
187.2 35.19
186.4 35.198
185.6 35.205
184.8 35.211
184 35.218
183.2 35.224
182.4 35.23
181.6 35.236
180.8 35.242
180 35.247
179.2 35.252
178.4 35.257
177.6 35.262
176.8 35.267
176 35.272
175.2 35.276
174.4 35.281
173.6 35.286
172.8 35.291
172 35.295
171.2 35.3
170.4 35.305
169.6 35.31
168.8 35.316
168 35.321
167.2 35.327
166.4 35.334
165.6 35.34
164.8 35.348
164 35.355
163.2 35.364
162.4 35.373
161.6 35.382
160.8 35.392
160 35.403
159.2 35.415
158.4 35.427
157.6 35.441
156.8 35.455
156 35.471
155.2 35.487
154.4 35.504
153.6 35.522
152.8 35.541
152 35.56
151.2 35.58
150.4 35.6
149.6 35.621
148.8 35.642
148 35.664
147.2 35.685
146.4 35.708
145.6 35.73
144.8 35.752
144 35.775
143.2 35.797
142.4 35.82
141.6 35.843
140.8 35.865
140 35.888
139.2 35.911
138.4 35.934
137.6 35.957
136.8 35.98
136 36.003
135.2 36.026
134.4 36.049
133.6 36.073
132.8 36.097
132 36.12
131.2 36.145
130.4 36.169
129.6 36.194
128.8 36.219
128 36.245
127.2 36.271
126.4 36.298
125.6 36.326
124.8 36.355
124 36.385
123.2 36.415
122.4 36.447
121.6 36.48
120.8 36.515
120 36.551
119.2 36.588
118.4 36.626
117.6 36.666
116.8 36.707
116 36.75
115.2 36.794
114.4 36.839
113.6 36.886
112.8 36.934
112 36.984
111.2 37.035
110.4 37.088
109.6 37.142
108.8 37.198
108 37.255
107.2 37.314
106.4 37.375
105.6 37.437
104.8 37.501
104 37.567
103.2 37.635
102.4 37.704
101.6 37.775
100.8 37.847
100 37.921
99.2 37.996
98.4 38.073
97.6 38.152
96.8 38.232
96 38.314
95.2 38.398
94.4 38.483
93.6 38.571
92.8 38.66
92 38.752
91.2 38.846
90.4 38.941
89.6 39.039
88.8 39.14
88 39.242
87.2 39.348
86.4 39.455
85.6 39.565
84.8 39.677
84 39.792
83.2 39.909
82.4 40.029
81.6 40.151
80.8 40.276
80 40.403
79.2 40.533
78.4 40.666
77.6 40.802
76.8 40.942
76 41.084
75.2 41.23
74.4 41.38
73.6 41.533
72.8 41.69
72 41.852
71.2 42.017
70.4 42.187
69.6 42.361
68.8 42.54
68 42.723
67.2 42.911
66.4 43.103
65.6 43.3
64.8 43.502
64 43.708
63.2 43.92
62.4 44.137
61.6 44.359
60.8 44.587
60 44.819
59.2 45.058
58.4 45.301
57.6 45.55
56.8 45.804
56 46.064
55.2 46.329
54.4 46.599
53.6 46.875
52.8 47.155
52 47.44
51.2 47.729
50.4 48.023
49.6 48.322
48.8 48.624
48 48.931
47.2 49.241
46.4 49.555
45.6 49.873
44.8 50.193
44 50.516
43.2 50.842
42.4 51.17
41.6 51.5
40.8 51.831
40 52.164
39.2 52.498
38.4 52.833
37.6 53.167
36.8 53.5
36 53.832
35.2 54.162
34.4 54.489
33.6 54.813
32.8 55.134
32 55.449
31.2 55.759
30.4 56.062
29.6 56.358
28.8 56.646
28 56.924
27.2 57.192
26.4 57.449
25.6 57.694
24.8 57.926
24 58.144
23.2 58.347
22.4 58.535
21.6 58.706
20.8 58.859
20 58.994
19.2 59.11
18.4 59.207
17.6 59.283
16.8 59.339
16 59.374
15.2 59.388
14.4 59.381
13.6 59.353
12.8 59.304
12 59.234
11.2 59.144
10.4 59.033
9.6 58.903
8.8 58.753
8 58.585
7.2 58.399
6.4 58.195
5.6 57.975
4.8 57.74
4 57.49
3.2 57.227
2.4 56.951
1.6 56.664
0.8 56.366
0 56.059
-0.8 55.744
-1.6 55.421
-2.4 55.093
-3.2 54.759
-4 54.422
-4.8 54.081
-5.6 53.738
-6.4 53.393
-7.2 53.048
-8 52.703
-8.8 52.359
-9.6 52.016
-10.4 51.676
-11.2 51.338
-12 51.004
-12.8 50.673
-13.6 50.347
-14.4 50.025
-15.2 49.708
-16 49.395
-16.8 49.088
-17.6 48.786
-18.4 48.49
-19.2 48.199
-20 47.913
-20.8 47.633
-21.6 47.358
-22.4 47.089
-23.2 46.826
-24 46.568
-24.8 46.316
-25.6 46.069
-26.4 45.828
-27.2 45.592
-28 45.361
-28.8 45.136
-29.6 44.916
-30.4 44.701
-31.2 44.491
-32 44.287
-32.8 44.087
-33.6 43.893
-34.4 43.704
-35.2 43.52
-36 43.341
-36.8 43.167
-37.6 42.998
-38.4 42.834
-39.2 42.674
-40 42.519
-40.8 42.368
-41.6 42.221
-42.4 42.078
-43.2 41.939
-44 41.804
-44.8 41.672
-45.6 41.544
-46.4 41.42
-47.2 41.298
-48 41.18
-48.8 41.065
-49.6 40.953
-50.4 40.844
-51.2 40.737
-52 40.633
-52.8 40.532
-53.6 40.432
-54.4 40.335
-55.2 40.239
-56 40.145
-56.8 40.053
-57.6 39.962
-58.4 39.872
-59.2 39.783
-60 39.695
-60.8 39.608
-61.6 39.522
-62.4 39.436
-63.2 39.351
-64 39.267
-64.8 39.183
-65.6 39.099
-66.4 39.016
-67.2 38.933
-68 38.849
-68.8 38.767
-69.6 38.684
-70.4 38.601
-71.2 38.518
-72 38.436
-72.8 38.353
-73.6 38.27
-74.4 38.188
-75.2 38.105
-76 38.022
-76.8 37.939
-77.6 37.856
-78.4 37.773
-79.2 37.69
-80 37.607
-80.8 37.524
-81.6 37.442
-82.4 37.359
-83.2 37.277
-84 37.196
-84.8 37.114
-85.6 37.033
-86.4 36.953
-87.2 36.873
-88 36.794
-88.8 36.715
-89.6 36.637
-90.4 36.559
-91.2 36.482
-92 36.406
-92.8 36.33
-93.6 36.255
-94.4 36.181
-95.2 36.108
-96 36.035
-96.8 35.963
-97.6 35.892
-98.4 35.821
-99.2 35.752
-100 35.684
-100.8 35.617
-101.6 35.55
-102.4 35.485
-103.2 35.421
-104 35.358
-104.8 35.296
-105.6 35.235
-106.4 35.175
-107.2 35.116
-108 35.058
-108.8 35.001
-109.6 34.946
-110.4 34.891
-111.2 34.837
-112 34.784
-112.8 34.732
-113.6 34.681
-114.4 34.631
-115.2 34.581
-116 34.532
-116.8 34.485
-117.6 34.438
-118.4 34.392
-119.2 34.347
-120 34.303
-120.8 34.26
-121.6 34.218
-122.4 34.176
-123.2 34.136
-124 34.096
-124.8 34.058
-125.6 34.02
-126.4 33.983
-127.2 33.947
-128 33.912
-128.8 33.877
-129.6 33.843
-130.4 33.809
-131.2 33.776
-132 33.744
-132.8 33.712
-133.6 33.681
-134.4 33.651
-135.2 33.621
-136 33.592
-136.8 33.564
-137.6 33.536
-138.4 33.508
-139.2 33.482
-140 33.455
-140.8 33.43
-141.6 33.405
-142.4 33.38
-143.2 33.356
-144 33.333
-144.8 33.311
-145.6 33.289
-146.4 33.268
-147.2 33.248
-148 33.228
-148.8 33.209
-149.6 33.192
-150.4 33.175
-151.2 33.159
-152 33.143
-152.8 33.129
-153.6 33.116
-154.4 33.104
-155.2 33.093
-156 33.083
-156.8 33.074
-157.6 33.066
-158.4 33.059
-159.2 33.054
-160 33.05
-160.8 33.047
-161.6 33.046
-162.4 33.047
-163.2 33.048
-164 33.052
-164.8 33.057
-165.6 33.063
-166.4 33.071
-167.2 33.08
-168 33.091
-168.8 33.103
-169.6 33.116
-170.4 33.13
-171.2 33.146
-172 33.163
-172.8 33.18
-173.6 33.199
-174.4 33.219
-175.2 33.24
-176 33.261
-176.8 33.284
-177.6 33.307
-178.4 33.331
-179.2 33.356
-180 33.381
-180.8 33.408
-181.6 33.435
-182.4 33.462
-183.2 33.49
-184 33.519
-184.8 33.548
-185.6 33.577
-186.4 33.607
-187.2 33.637
-188 33.667
-188.8 33.697
-189.6 33.727
-190.4 33.756
-191.2 33.786
-192 33.816
-192.8 33.845
-193.6 33.874
-194.4 33.903
-195.2 33.932
-196 33.96
-196.8 33.988
-197.6 34.015
-198.4 34.042
-199.2 34.069
-200 34.094
-200.8 34.119
-201.6 34.144
-202.4 34.167
-203.2 34.19
-204 34.213
-204.8 34.235
