200 60
199.2 60.024
198.4 60.048
197.6 60.072
196.8 60.096
196 60.12
195.2 60.144
194.4 60.168
193.6 60.192
192.8 60.216
192 60.24
191.2 60.264
190.4 60.288
189.6 60.313
188.8 60.337
188 60.361
187.2 60.386
186.4 60.41
185.6 60.435
184.8 60.46
184 60.484
183.2 60.509
182.4 60.534
181.6 60.559
180.8 60.584
180 60.609
179.2 60.633
178.4 60.658
177.6 60.682
176.8 60.706
176 60.73
175.2 60.754
174.4 60.778
173.6 60.801
172.8 60.825
172 60.849
171.2 60.873
170.4 60.897
169.6 60.921
168.8 60.945
168 60.969
167.2 60.992
166.4 61.016
165.6 61.041
164.8 61.065
164 61.089
163.2 61.114
162.4 61.139
161.6 61.164
160.8 61.189
160 61.214
159.2 61.239
158.4 61.264
157.6 61.289
156.8 61.314
156 61.339
155.2 61.363
154.4 61.388
153.6 61.412
152.8 61.436
152 61.459
151.2 61.482
150.4 61.505
149.6 61.527
148.8 61.549
148 61.571
147.2 61.593
146.4 61.616
145.6 61.638
144.8 61.66
144 61.682
143.2 61.705
142.4 61.727
141.6 61.75
140.8 61.774
140 61.797
139.2 61.822
138.4 61.847
137.6 61.872
136.8 61.899
136 61.926
135.2 61.953
134.4 61.982
133.6 62.011
132.8 62.041
132 62.071
131.2 62.102
130.4 62.133
129.6 62.164
128.8 62.196
128 62.228
127.2 62.261
126.4 62.294
125.6 62.327
124.8 62.361
124 62.396
123.2 62.431
122.4 62.466
121.6 62.502
120.8 62.538
120 62.575
119.2 62.612
118.4 62.649
117.6 62.686
116.8 62.725
116 62.763
115.2 62.802
114.4 62.842
113.6 62.882
112.8 62.922
112 62.964
111.2 63.006
110.4 63.049
109.6 63.092
108.8 63.137
108 63.183
107.2 63.229
106.4 63.277
105.6 63.326
104.8 63.375
104 63.425
103.2 63.477
102.4 63.529
101.6 63.582
100.8 63.636
100 63.691
99.2 63.748
98.4 63.805
97.6 63.864
96.8 63.923
96 63.984
95.2 64.046
94.4 64.109
93.6 64.173
92.8 64.239
92 64.306
91.2 64.374
90.4 64.444
89.6 64.515
88.8 64.588
88 64.663
87.2 64.739
86.4 64.817
85.6 64.896
84.8 64.977
84 65.06
83.2 65.145
82.4 65.232
81.6 65.32
80.8 65.411
80 65.503
79.2 65.597
78.4 65.693
77.6 65.791
76.8 65.89
76 65.992
75.2 66.096
74.4 66.202
73.6 66.309
72.8 66.419
72 66.53
71.2 66.644
70.4 66.759
69.6 66.876
68.8 66.995
68 67.116
67.2 67.238
66.4 67.363
65.6 67.489
64.8 67.617
64 67.747
63.2 67.878
62.4 68.01
61.6 68.144
60.8 68.28
60 68.416
59.2 68.554
58.4 68.693
57.6 68.833
56.8 68.974
56 69.117
55.2 69.26
54.4 69.404
53.6 69.549
52.8 69.694
52 69.84
51.2 69.986
50.4 70.133
49.6 70.279
48.8 70.426
48 70.572
47.2 70.718
46.4 70.863
45.6 71.008
44.8 71.152
44 71.295
43.2 71.437
42.4 71.578
41.6 71.717
40.8 71.855
40 71.991
39.2 72.126
38.4 72.258
37.6 72.388
36.8 72.515
36 72.639
35.2 72.761
34.4 72.88
33.6 72.995
32.8 73.107
32 73.215
31.2 73.319
30.4 73.419
29.6 73.514
28.8 73.605
28 73.691
27.2 73.773
26.4 73.849
25.6 73.92
24.8 73.985
24 74.046
23.2 74.1
22.4 74.149
21.6 74.192
20.8 74.23
20 74.261
19.2 74.286
18.4 74.305
17.6 74.318
16.8 74.325
16 74.325
15.2 74.319
14.4 74.306
13.6 74.287
12.8 74.262
12 74.23
11.2 74.192
10.4 74.147
9.6 74.096
8.8 74.039
8 73.975
7.2 73.906
6.4 73.83
5.6 73.748
4.8 73.661
4 73.568
3.2 73.469
2.4 73.365
1.6 73.256
0.8 73.142
0 73.023
-0.8 72.899
-1.6 72.771
-2.4 72.638
-3.2 72.502
-4 72.361
-4.8 72.216
-5.6 72.068
-6.4 71.917
-7.2 71.763
-8 71.606
-8.8 71.446
-9.6 71.285
-10.4 71.121
-11.2 70.955
-12 70.789
-12.8 70.62
-13.6 70.451
-14.4 70.281
-15.2 70.11
-16 69.938
-16.8 69.766
-17.6 69.593
-18.4 69.421
-19.2 69.248
-20 69.076
-20.8 68.904
-21.6 68.732
-22.4 68.561
-23.2 68.391
-24 68.222
-24.8 68.053
-25.6 67.885
-26.4 67.719
-27.2 67.553
-28 67.388
-28.8 67.224
-29.6 67.062
-30.4 66.901
-31.2 66.741
-32 66.582
-32.8 66.425
-33.6 66.269
-34.4 66.114
-35.2 65.961
-36 65.809
-36.8 65.659
-37.6 65.51
-38.4 65.362
-39.2 65.215
-40 65.07
-40.8 64.927
-41.6 64.785
-42.4 64.644
-43.2 64.505
-44 64.367
-44.8 64.23
-45.6 64.095
-46.4 63.962
-47.2 63.83
-48 63.7
-48.8 63.571
-49.6 63.443
-50.4 63.318
-51.2 63.194
-52 63.071
-52.8 62.95
-53.6 62.832
-54.4 62.714
-55.2 62.599
-56 62.485
-56.8 62.374
-57.6 62.264
-58.4 62.157
-59.2 62.051
-60 61.947
-60.8 61.845
-61.6 61.745
-62.4 61.646
-63.2 61.549
-64 61.454
-64.8 61.36
-65.6 61.267
-66.4 61.176
-67.2 61.086
-68 60.997
-68.8 60.909
-69.6 60.823
-70.4 60.738
-71.2 60.654
-72 60.57
-72.8 60.488
-73.6 60.406
-74.4 60.325
-75.2 60.244
-76 60.165
-76.8 60.086
-77.6 60.007
-78.4 59.929
-79.2 59.852
-80 59.775
-80.8 59.699
-81.6 59.624
-82.4 59.549
-83.2 59.475
-84 59.402
-84.8 59.329
-85.6 59.257
-86.4 59.186
-87.2 59.115
-88 59.045
-88.8 58.976
-89.6 58.907
-90.4 58.84
-91.2 58.773
-92 58.707
-92.8 58.641
-93.6 58.577
-94.4 58.513
-95.2 58.449
-96 58.387
-96.8 58.326
-97.6 58.265
-98.4 58.205
-99.2 58.146
-100 58.087
-100.8 58.029
-101.6 57.972
-102.4 57.915
-103.2 57.859
-104 57.804
-104.8 57.75
-105.6 57.696
-106.4 57.643
-107.2 57.59
-108 57.538
-108.8 57.487
-109.6 57.437
-110.4 57.387
-111.2 57.337
-112 57.289
-112.8 57.24
-113.6 57.193
-114.4 57.146
-115.2 57.1
-116 57.055
-116.8 57.01
-117.6 56.967
-118.4 56.924
-119.2 56.882
-120 56.84
-120.8 56.8
-121.6 56.761
-122.4 56.722
-123.2 56.684
-124 56.646
-124.8 56.61
-125.6 56.573
-126.4 56.538
-127.2 56.503
-128 56.469
-128.8 56.435
-129.6 56.402
-130.4 56.37
-131.2 56.339
-132 56.308
-132.8 56.278
-133.6 56.248
-134.4 56.22
-135.2 56.192
-136 56.166
-136.8 56.14
-137.6 56.115
-138.4 56.091
-139.2 56.067
-140 56.045
-140.8 56.023
-141.6 56.002
-142.4 55.982
-143.2 55.963
-144 55.945
-144.8 55.927
-145.6 55.91
-146.4 55.894
-147.2 55.879
-148 55.865
-148.8 55.851
-149.6 55.838
-150.4 55.826
-151.2 55.815
-152 55.804
-152.8 55.795
-153.6 55.786
-154.4 55.778
-155.2 55.771
-156 55.764
-156.8 55.758
-157.6 55.753
-158.4 55.749
-159.2 55.745
-160 55.742
-160.8 55.74
-161.6 55.738
-162.4 55.738
-163.2 55.738
-164 55.738
-164.8 55.739
-165.6 55.741
-166.4 55.744
-167.2 55.747
-168 55.751
-168.8 55.755
-169.6 55.76
-170.4 55.766
-171.2 55.772
-172 55.78
-172.8 55.787
-173.6 55.796
-174.4 55.805
-175.2 55.815
-176 55.825
-176.8 55.836
-177.6 55.848
-178.4 55.861
-179.2 55.874
-180 55.888
-180.8 55.902
-181.6 55.917
-182.4 55.933
-183.2 55.949
-184 55.966
-184.8 55.983
-185.6 56.001
-186.4 56.02
-187.2 56.039
-188 56.058
-188.8 56.078
-189.6 56.098
-190.4 56.119
-191.2 56.141
-192 56.163
-192.8 56.185
-193.6 56.207
-194.4 56.23
-195.2 56.253
-196 56.276
-196.8 56.3
-197.6 56.323
-198.4 56.347
-199.2 56.37
-200 56.394
-200.8 56.417
-201.6 56.441
-202.4 56.464
-203.2 56.488
-204 56.511
-204.8 56.535
