     0.00000000     0.01000000    16.90542993     1.00000000
     0.00000000     0.02000000    16.89883013     1.00000000
     0.00000000     0.03000000    16.89509881     1.00000000
     0.00000000     0.04000000    16.89257984     1.00000000
     0.00000000     0.05000000    16.89072650     1.00000000
     0.00000000     0.06000000    16.88929034     1.00000000
     0.00000000     0.07000000    16.88813783     1.00000000
     0.00000000     0.08000000    16.88718917     1.00000000
     0.00000000     0.09000000    16.88639306     1.00000000
     0.00000000     0.10000000    16.88571473     1.00000000
     0.00000000     0.11000000    16.88512964     1.00000000
     0.00000000     0.12000000    16.88461988     1.00000000
     0.00000000     0.13000000    16.88417207     1.00000000
     0.00000000     0.14000000    16.88377598     1.00000000
     0.00000000     0.15000000    16.88342362     1.00000000
     0.00000000     0.16000000    16.88310867     1.00000000
     0.00000000     0.17000000    16.88282604     1.00000000
     0.00000000     0.18000000    16.88257157     1.00000000
     0.00000000     0.19000000    16.88234183     1.00000000
     0.00000000     0.20000000    16.88213394     1.00000000
     0.00000000     0.21000000    16.88194546     1.00000000
     0.00000000     0.22000000    16.88177433     1.00000000
     0.00000000     0.23000000    16.88161876     1.00000000
     0.00000000     0.24000000    16.88147717     1.00000000
     0.00000000     0.25000000    16.88134822     1.00000000
     0.00000000     0.26000000    16.88123070     1.00000000
     0.00000000     0.27000000    16.88112354     1.00000000
     0.00000000     0.28000000    16.88102579     1.00000000
     0.00000000     0.29000000    16.88093659     1.00000000
     0.00000000     0.30000000    16.88085520     1.00000000
     0.00000000     0.31000000    16.88078090     1.00000000
     0.00000000     0.32000000    16.88071308     1.00000000
     0.00000000     0.33000000    16.88065117     1.00000000
     0.00000000     0.34000000    16.88059466     1.00000000
     0.00000000     0.35000000    16.88054307     1.00000000
     0.00000000     0.36000000    16.88049599     1.00000000
     0.00000000     0.37000000    16.88045302     1.00000000
     0.00000000     0.38000000    16.88041380     1.00000000
     0.00000000     0.39000000    16.88037802     1.00000000
     0.00000000     0.40000000    16.88034537     1.00000000
     0.00000000     0.41000000    16.88031559     1.00000000
     0.00000000     0.42000000    16.88028842     1.00000000
     0.00000000     0.43000000    16.88026364     1.00000000
     0.00000000     0.44000000    16.88024105     1.00000000
     0.00000000     0.45000000    16.88022044     1.00000000
     0.00000000     0.46000000    16.88020166     1.00000000
     0.00000000     0.47000000    16.88018454     1.00000000
     0.00000000     0.48000000    16.88016893     1.00000000
     0.00000000     0.49000000    16.88015471     1.00000000
     0.00000000     0.50000000    16.88014175     1.00000000
     0.00000000     0.51000000    16.88012995     1.00000000
     0.00000000     0.52000000    16.88011919     1.00000000
     0.00000000     0.53000000    16.88010939     1.00000000
     0.00000000     0.54000000    16.88010046     1.00000000
     0.00000000     0.55000000    16.88009233     1.00000000
     0.00000000     0.56000000    16.88008493     1.00000000
     0.00000000     0.57000000    16.88007819     1.00000000
     0.00000000     0.58000000    16.88007205     1.00000000
     0.00000000     0.59000000    16.88006646     1.00000000
     0.00000000     0.60000000    16.88006137     1.00000000
     0.00000000     0.61000000    16.88005674     1.00000000
     0.00000000     0.62000000    16.88005252     1.00000000
     0.00000000     0.63000000    16.88004868     1.00000000
     0.00000000     0.64000000    16.88004519     1.00000000
     0.00000000     0.65000000    16.88004201     1.00000000
     0.00000000     0.66000000    16.88003911     1.00000000
     0.00000000     0.67000000    16.88003648     1.00000000
     0.00000000     0.68000000    16.88003408     1.00000000
     0.00000000     0.69000000    16.88003190     1.00000000
     0.00000000     0.70000000    16.88002991     1.00000000
     0.00000000     0.71000000    16.88002810     1.00000000
     0.00000000     0.72000000    16.88002646     1.00000000
     0.00000000     0.73000000    16.88002496     1.00000000
     0.00000000     0.74000000    16.88002360     1.00000000
     0.00000000     0.75000000    16.88002236     1.00000000
     0.00000000     0.76000000    16.88002123     1.00000000
     0.00000000     0.77000000    16.88002020     1.00000000
     0.00000000     0.78000000    16.88001926     1.00000000
     0.00000000     0.79000000    16.88001841     1.00000000
     0.00000000     0.80000000    16.88001764     1.00000000
     0.00000000     0.81000000    16.88001693     1.00000000
     0.00000000     0.82000000    16.88001629     1.00000000
     0.00000000     0.83000000    16.88001571     1.00000000
     0.00000000     0.84000000    16.88001517     1.00000000
     0.00000000     0.85000000    16.88001469     1.00000000
     0.00000000     0.86000000    16.88001425     1.00000000
     0.00000000     0.87000000    16.88001384     1.00000000
     0.00000000     0.88000000    16.88001348     1.00000000
     0.00000000     0.89000000    16.88001315     1.00000000
     0.00000000     0.90000000    16.88001284     1.00000000
     0.00000000     0.91000000    16.88001256     1.00000000
     0.00000000     0.92000000    16.88001231     1.00000000
     0.00000000     0.93000000    16.88001208     1.00000000
     0.00000000     0.94000000    16.88001187     1.00000000
     0.00000000     0.95000000    16.88001168     1.00000000
     0.00000000     0.96000000    16.88001151     1.00000000
     0.00000000     0.97000000    16.88001135     1.00000000
     0.00000000     0.98000000    16.88001120     1.00000000
     0.00000000     0.99000000    16.88001107     1.00000000
     0.00000000     1.00000000    16.88001095     1.00000000
     0.00000000     1.01000000    16.88001084     1.00000000
     0.00000000     1.02000000    16.88001074     1.00000000
     0.00000000     1.03000000    16.88001065     1.00000000
     0.00000000     1.04000000    16.88001057     1.00000000
     0.00000000     1.05000000    16.88001049     1.00000000
     0.00000000     1.06000000    16.88001042     1.00000000
     0.00000000     1.07000000    16.88001036     1.00000000
     0.00000000     1.08000000    16.88001030     1.00000000
     0.00000000     1.09000000    16.88001025     1.00000000
     0.00000000     1.10000000    16.88001020     1.00000000
     0.00000000     1.11000000    16.88001015     1.00000000
     0.00000000     1.12000000    16.88001011     1.00000000
     0.00000000     1.13000000    16.88001007     1.00000000
     0.00000000     1.14000000    16.88001004     1.00000000
     0.00000000     1.15000000    16.88001001     1.00000000
     0.00000000     1.16000000    16.88000998     1.00000000
     0.00000000     1.17000000    16.88000995     1.00000000
     0.00000000     1.18000000    16.88000993     1.00000000
     0.00000000     1.19000000    16.88000991     1.00000000
     0.00000000     1.20000000    16.88000989     1.00000000
     0.00000000     1.21000000    16.88000987     1.00000000
     0.00000000     1.22000000    16.88000985     1.00000000
     0.00000000     1.23000000    16.88000984     1.00000000
     0.00000000     1.24000000    16.88000982     1.00000000
     0.00000000     1.25000000    16.88000981     1.00000000
     0.00000000     1.26000000    16.88000980     1.00000000
     0.00000000     1.27000000    16.88000979     1.00000000
     0.00000000     1.28000000    16.88000978     1.00000000
     0.00000000     1.29000000    16.88000977     1.00000000
     0.00000000     1.30000000    16.88000976     1.00000000
     0.00000000     1.31000000    16.88000975     1.00000000
     0.00000000     1.32000000    16.88000974     1.00000000
     0.00000000     1.33000000    16.88000974     1.00000000
     0.00000000     1.34000000    16.88000973     1.00000000
     0.00000000     1.35000000    16.88000972     1.00000000
     0.00000000     1.36000000    16.88000972     1.00000000
     0.00000000     1.37000000    16.88000971     1.00000000
     0.00000000     1.38000000    16.88000971     1.00000000
     0.00000000     1.39000000    16.88000970     1.00000000
     0.00000000     1.40000000    16.88000970     1.00000000
     0.00000000     1.41000000    16.88000970     1.00000000
     0.00000000     1.42000000    16.88000969     1.00000000
     0.00000000     1.43000000    16.88000969     1.00000000
     0.00000000     1.44000000    16.88000969     1.00000000
     0.00000000     1.45000000    16.88000968     1.00000000
     0.00000000     1.46000000    16.88000968     1.00000000
     0.00000000     1.47000000    16.88000968     1.00000000
     0.00000000     1.48000000    16.88000968     1.00000000
     0.00000000     1.49000000    16.88000967     1.00000000
     0.00000000     1.50000000    16.88000967     1.00000000
     0.00000000     1.51000000    16.88000967     1.00000000
     0.00000000     1.52000000    16.88000967     1.00000000
     0.00000000     1.53000000    16.88000967     1.00000000
     0.00000000     1.54000000    16.88000967     1.00000000
     0.00000000     1.55000000    16.88000967     1.00000000
     0.00000000     1.56000000    16.88000966     1.00000000
     0.00000000     1.57000000    16.88000966     1.00000000
     0.00000000     1.58000000    16.88000966     1.00000000
     0.00000000     1.59000000    16.88000966     1.00000000
     0.00000000     1.60000000    16.88000966     1.00000000
     0.00000000     1.61000000    16.88000966     1.00000000
     0.00000000     1.62000000    16.88000966     1.00000000
     0.00000000     1.63000000    16.88000966     1.00000000
     0.00000000     1.64000000    16.88000966     1.00000000
     0.00000000     1.65000000    16.88000966     1.00000000
     0.00000000     1.66000000    16.88000966     1.00000000
     0.00000000     1.67000000    16.88000965     1.00000000
     0.00000000     1.68000000    16.88000965     1.00000000
     0.00000000     1.69000000    16.88000965     1.00000000
     0.00000000     1.70000000    16.88000965     1.00000000
     0.00000000     1.71000000    16.88000965     1.00000000
     0.00000000     1.72000000    16.88000965     1.00000000
     0.00000000     1.73000000    16.88000965     1.00000000
     0.00000000     1.74000000    16.88000965     1.00000000
     0.00000000     1.75000000    16.88000965     1.00000000
     0.00000000     1.76000000    16.88000965     1.00000000
     0.00000000     1.77000000    16.88000965     1.00000000
     0.00000000     1.78000000    16.88000965     1.00000000
     0.00000000     1.79000000    16.88000965     1.00000000
     0.00000000     1.80000000    16.88000965     1.00000000
     0.00000000     1.81000000    16.88000965     1.00000000
     0.00000000     1.82000000    16.88000965     1.00000000
     0.00000000     1.83000000    16.88000965     1.00000000
     0.00000000     1.84000000    16.88000965     1.00000000
     0.00000000     1.85000000    16.88000965     1.00000000
     0.00000000     1.86000000    16.88000965     1.00000000
     0.00000000     1.87000000    16.88000965     1.00000000
     0.00000000     1.88000000    16.88000965     1.00000000
     0.00000000     1.89000000    16.88000965     1.00000000
     0.00000000     1.90000000    16.88000965     1.00000000
     0.00000000     1.91000000    16.88000965     1.00000000
     0.00000000     1.92000000    16.88000965     1.00000000
     0.00000000     1.93000000    16.88000965     1.00000000
     0.00000000     1.94000000    16.88000965     1.00000000
     0.00000000     1.95000000    16.88000965     1.00000000
     0.00000000     1.96000000    16.88000965     1.00000000
     0.00000000     1.97000000    16.88000965     1.00000000
     0.00000000     1.98000000    16.88000965     1.00000000
     0.00000000     1.99000000    16.88000965     1.00000000
     0.00000000     2.00000000    16.88000965     1.00000000
     0.00000000     2.01000000    16.88000965     1.00000000
     0.00000000     2.02000000    16.88000965     1.00000000
     0.00000000     2.03000000    16.88000965     1.00000000
     0.00000000     2.04000000    16.88000965     1.00000000
     0.00000000     2.05000000    16.88000965     1.00000000
     0.00000000     2.06000000    16.88000965     1.00000000
     0.00000000     2.07000000    16.88000965     1.00000000
     0.00000000     2.08000000    16.88000965     1.00000000
     0.00000000     2.09000000    16.88000965     1.00000000
     0.00000000     2.10000000    16.88000964     1.00000000
     0.00000000     2.11000000    16.88000964     1.00000000
     0.00000000     2.12000000    16.88000964     1.00000000
     0.00000000     2.13000000    16.88000964     1.00000000
     0.00000000     2.14000000    16.88000964     1.00000000
     0.00000000     2.15000000    16.88000964     1.00000000
     0.00000000     2.16000000    16.88000964     1.00000000
     0.00000000     2.17000000    16.88000964     1.00000000
     0.00000000     2.18000000    16.88000964     1.00000000
     0.00000000     2.19000000    16.88000964     1.00000000
     0.00000000     2.20000000    16.88000964     1.00000000
     0.00000000     2.21000000    16.88000964     1.00000000
     0.00000000     2.22000000    16.88000964     1.00000000
     0.00000000     2.23000000    16.88000964     1.00000000
     0.00000000     2.24000000    16.88000964     1.00000000
     0.00000000     2.25000000    16.88000964     1.00000000
     0.00000000     2.26000000    16.88000964     1.00000000
     0.00000000     2.27000000    16.88000964     1.00000000
     0.00000000     2.28000000    16.88000964     1.00000000
     0.00000000     2.29000000    16.88000964     1.00000000
     0.00000000     2.30000000    16.88000964     1.00000000
     0.00000000     2.31000000    16.88000964     1.00000000
     0.00000000     2.32000000    16.88000964     1.00000000
     0.00000000     2.33000000    16.88000964     1.00000000
     0.00000000     2.34000000    16.88000964     1.00000000
     0.00000000     2.35000000    16.88000964     1.00000000
     0.00000000     2.36000000    16.88000964     1.00000000
     0.00000000     2.37000000    16.88000964     1.00000000
     0.00000000     2.38000000    16.88000964     1.00000000
     0.00000000     2.39000000    16.88000964     1.00000000
     0.00000000     2.40000000    16.88000964     1.00000000
     0.00000000     2.41000000    16.88000964     1.00000000
     0.00000000     2.42000000    16.88000964     1.00000000
     0.00000000     2.43000000    16.88000964     1.00000000
     0.00000000     2.44000000    16.88000964     1.00000000
     0.00000000     2.45000000    16.88000964     1.00000000
     0.00000000     2.46000000    16.88000964     1.00000000
     0.00000000     2.47000000    16.88000964     1.00000000
     0.00000000     2.48000000    16.88000964     1.00000000
     0.00000000     2.49000000    16.88000964     1.00000000
     0.00000000     2.50000000    16.88000964     1.00000000
     0.00000000     2.51000000    16.88000964     1.00000000
     0.00000000     2.52000000    16.88000964     1.00000000
     0.00000000     2.53000000    16.88000964     1.00000000
     0.00000000     2.54000000    16.88000964     1.00000000
     0.00000000     2.55000000    16.88000964     1.00000000
     0.00000000     2.56000000    16.88000964     1.00000000
     0.00000000     2.57000000    16.88000964     1.00000000
     0.00000000     2.58000000    16.88000964     1.00000000
     0.00000000     2.59000000    16.88000964     1.00000000
     0.00000000     2.60000000    16.88000964     1.00000000
     0.00000000     2.61000000    16.88000964     1.00000000
     0.00000000     2.62000000    16.88000964     1.00000000
     0.00000000     2.63000000    16.88000964     1.00000000
     0.00000000     2.64000000    16.88000964     1.00000000
     0.00000000     2.65000000    16.88000964     1.00000000
     0.00000000     2.66000000    16.88000964     1.00000000
     0.00000000     2.67000000    16.88000964     1.00000000
     0.00000000     2.68000000    16.88000964     1.00000000
     0.00000000     2.69000000    16.88000964     1.00000000
     0.00000000     2.70000000    16.88000964     1.00000000
     0.00000000     2.71000000    16.88000964     1.00000000
     0.00000000     2.72000000    16.88000964     1.00000000
     0.00000000     2.73000000    16.88000964     1.00000000
     0.00000000     2.74000000    16.88000964     1.00000000
     0.00000000     2.75000000    16.88000964     1.00000000
     0.00000000     2.76000000    16.88000964     1.00000000
     0.00000000     2.77000000    16.88000964     1.00000000
     0.00000000     2.78000000    16.88000964     1.00000000
     0.00000000     2.79000000    16.88000964     1.00000000
     0.00000000     2.80000000    16.88000964     1.00000000
     0.00000000     2.81000000    16.88000964     1.00000000
     0.00000000     2.82000000    16.88000964     1.00000000
     0.00000000     2.83000000    16.88000964     1.00000000
     0.00000000     2.84000000    16.88000964     1.00000000
     0.00000000     2.85000000    16.88000964     1.00000000
     0.00000000     2.86000000    16.88000964     1.00000000
     0.00000000     2.87000000    16.88000964     1.00000000
     0.00000000     2.88000000    16.88000964     1.00000000
     0.00000000     2.89000000    16.88000964     1.00000000
     0.00000000     2.90000000    16.88000964     1.00000000
     0.00000000     2.91000000    16.88000964     1.00000000
     0.00000000     2.92000000    16.88000964     1.00000000
     0.00000000     2.93000000    16.88000964     1.00000000
     0.00000000     2.94000000    16.88000964     1.00000000
     0.00000000     2.95000000    16.88000964     1.00000000
     0.00000000     2.96000000    16.88000964     1.00000000
     0.00000000     2.97000000    16.88000964     1.00000000
     0.00000000     2.98000000    16.88000964     1.00000000
     0.00000000     2.99000000    16.88000964     1.00000000
     0.00000000     3.00000000    16.88000964     1.00000000
     0.00000000     3.01000000    16.88000964     1.00000000
     0.00000000     3.02000000    16.88000964     1.00000000
     0.00000000     3.03000000    16.88000964     1.00000000
     0.00000000     3.04000000    16.88000964     1.00000000
     0.00000000     3.05000000    16.88000964     1.00000000
     0.00000000     3.06000000    16.88000964     1.00000000
     0.00000000     3.07000000    16.88000964     1.00000000
     0.00000000     3.08000000    16.88000964     1.00000000
     0.00000000     3.09000000    16.88000964     1.00000000
     0.00000000     3.10000000    16.88000964     1.00000000
     0.00000000     3.11000000    16.88000964     1.00000000
     0.00000000     3.12000000    16.88000964     1.00000000
     0.00000000     3.13000000    16.88000964     1.00000000
     0.00000000     3.14000000    16.88000964     1.00000000
     0.00000000     3.15000000    16.88000964     1.00000000
     0.00000000     3.16000000    16.88000964     1.00000000
     0.00000000     3.17000000    16.88000964     1.00000000
     0.00000000     3.18000000    16.88000964     1.00000000
     0.00000000     3.19000000    16.88000964     1.00000000
     0.00000000     3.20000000    16.88000964     1.00000000
     0.00000000     3.21000000    16.88000964     1.00000000
     0.00000000     3.22000000    16.88000964     1.00000000
     0.00000000     3.23000000    16.88000964     1.00000000
     0.00000000     3.24000000    16.88000964     1.00000000
     0.00000000     3.25000000    16.88000964     1.00000000
     0.00000000     3.26000000    16.88000964     1.00000000
     0.00000000     3.27000000    16.88000964     1.00000000
     0.00000000     3.28000000    16.88000964     1.00000000
     0.00000000     3.29000000    16.88000964     1.00000000
     0.00000000     3.30000000    16.88000964     1.00000000
     0.00000000     3.31000000    16.88000964     1.00000000
     0.00000000     3.32000000    16.88000964     1.00000000
     0.00000000     3.33000000    16.88000964     1.00000000
     0.00000000     3.34000000    16.88000964     1.00000000
     0.00000000     3.35000000    16.88000964     1.00000000
     0.00000000     3.36000000    16.88000964     1.00000000
     0.00000000     3.37000000    16.88000964     1.00000000
     0.00000000     3.38000000    16.88000964     1.00000000
     0.00000000     3.39000000    16.88000964     1.00000000
     0.00000000     3.40000000    16.88000964     1.00000000
     0.00000000     3.41000000    16.88000964     1.00000000
     0.00000000     3.42000000    16.88000964     1.00000000
     0.00000000     3.43000000    16.88000964     1.00000000
     0.00000000     3.44000000    16.88000964     1.00000000
     0.00000000     3.45000000    16.88000964     1.00000000
     0.00000000     3.46000000    16.88000964     1.00000000
     0.00000000     3.47000000    16.88000964     1.00000000
     0.00000000     3.48000000    16.88000964     1.00000000
     0.00000000     3.49000000    16.88000964     1.00000000
     0.00000000     3.50000000    16.88000964     1.00000000
     0.00000000     3.51000000    16.88000964     1.00000000
     0.00000000     3.52000000    16.88000964     1.00000000
     0.00000000     3.53000000    16.88000964     1.00000000
     0.00000000     3.54000000    16.88000964     1.00000000
     0.00000000     3.55000000    16.88000964     1.00000000
     0.00000000     3.56000000    16.88000964     1.00000000
     0.00000000     3.57000000    16.88000964     1.00000000
     0.00000000     3.58000000    16.88000964     1.00000000
     0.00000000     3.59000000    16.88000964     1.00000000
     0.00000000     3.60000000    16.88000964     1.00000000
     0.00000000     3.61000000    16.88000964     1.00000000
     0.00000000     3.62000000    16.88000964     1.00000000
     0.00000000     3.63000000    16.88000964     1.00000000
     0.00000000     3.64000000    16.88000964     1.00000000
     0.00000000     3.65000000    16.88000964     1.00000000
     0.00000000     3.66000000    16.88000964     1.00000000
     0.00000000     3.67000000    16.88000964     1.00000000
     0.00000000     3.68000000    16.88000964     1.00000000
     0.00000000     3.69000000    16.88000964     1.00000000
     0.00000000     3.70000000    16.88000964     1.00000000
     0.00000000     3.71000000    16.88000964     1.00000000
     0.00000000     3.72000000    16.88000964     1.00000000
     0.00000000     3.73000000    16.88000964     1.00000000
     0.00000000     3.74000000    16.88000964     1.00000000
     0.00000000     3.75000000    16.88000964     1.00000000
     0.00000000     3.76000000    16.88000964     1.00000000
     0.00000000     3.77000000    16.88000964     1.00000000
     0.00000000     3.78000000    16.88000964     1.00000000
     0.00000000     3.79000000    16.88000964     1.00000000
     0.00000000     3.80000000    16.88000964     1.00000000
     0.00000000     3.81000000    16.88000964     1.00000000
     0.00000000     3.82000000    16.88000964     1.00000000
     0.00000000     3.83000000    16.88000964     1.00000000
     0.00000000     3.84000000    16.88000964     1.00000000
     0.00000000     3.85000000    16.88000964     1.00000000
     0.00000000     3.86000000    16.88000964     1.00000000
     0.00000000     3.87000000    16.88000964     1.00000000
     0.00000000     3.88000000    16.88000964     1.00000000
     0.00000000     3.89000000    16.88000964     1.00000000
     0.00000000     3.90000000    16.88000964     1.00000000
     0.00000000     3.91000000    16.88000964     1.00000000
     0.00000000     3.92000000    16.88000964     1.00000000
     0.00000000     3.93000000    16.88000964     1.00000000
     0.00000000     3.94000000    16.88000964     1.00000000
     0.00000000     3.95000000    16.88000964     1.00000000
     0.00000000     3.96000000    16.88000964     1.00000000
     0.00000000     3.97000000    16.88000964     1.00000000
     0.00000000     3.98000000    16.88000964     1.00000000
     0.00000000     3.99000000    16.88000964     1.00000000
     0.00000000     4.00000000    16.88000964     1.00000000
     0.00000000     4.01000000    16.88000964     1.00000000
     0.00000000     4.02000000    16.88000964     1.00000000
     0.00000000     4.03000000    16.88000964     1.00000000
     0.00000000     4.04000000    16.88000964     1.00000000
     0.00000000     4.05000000    16.88000964     1.00000000
     0.00000000     4.06000000    16.88000964     1.00000000
     0.00000000     4.07000000    16.88000964     1.00000000
     0.00000000     4.08000000    16.88000964     1.00000000
     0.00000000     4.09000000    16.88000964     1.00000000
     0.00000000     4.10000000    16.88000964     1.00000000
     0.00000000     4.11000000    16.88000964     1.00000000
     0.00000000     4.12000000    16.88000964     1.00000000
     0.00000000     4.13000000    16.88000964     1.00000000
     0.00000000     4.14000000    16.88000964     1.00000000
     0.00000000     4.15000000    16.88000964     1.00000000
     0.00000000     4.16000000    16.88000964     1.00000000
     0.00000000     4.17000000    16.88000964     1.00000000
     0.00000000     4.18000000    16.88000964     1.00000000
     0.00000000     4.19000000    16.88000964     1.00000000
     0.00000000     4.20000000    16.88000964     1.00000000
     0.00000000     4.21000000    16.88000964     1.00000000
     0.00000000     4.22000000    16.88000964     1.00000000
     0.00000000     4.23000000    16.88000964     1.00000000
     0.00000000     4.24000000    16.88000964     1.00000000
     0.00000000     4.25000000    16.88000964     1.00000000
     0.00000000     4.26000000    16.88000964     1.00000000
     0.00000000     4.27000000    16.88000964     1.00000000
     0.00000000     4.28000000    16.88000964     1.00000000
     0.00000000     4.29000000    16.88000964     1.00000000
     0.00000000     4.30000000    16.88000964     1.00000000
     0.00000000     4.31000000    16.88000964     1.00000000
     0.00000000     4.32000000    16.88000964     1.00000000
     0.00000000     4.33000000    16.88000964     1.00000000
     0.00000000     4.34000000    16.88000964     1.00000000
     0.00000000     4.35000000    16.88000964     1.00000000
     0.00000000     4.36000000    16.88000964     1.00000000
     0.00000000     4.37000000    16.88000964     1.00000000
     0.00000000     4.38000000    16.88000964     1.00000000
     0.00000000     4.39000000    16.88000964     1.00000000
     0.00000000     4.40000000    16.88000964     1.00000000
     0.00000000     4.41000000    16.88000964     1.00000000
     0.00000000     4.42000000    16.88000964     1.00000000
     0.00000000     4.43000000    16.88000964     1.00000000
     0.00000000     4.44000000    16.88000964     1.00000000
     0.00000000     4.45000000    16.88000964     1.00000000
     0.00000000     4.46000000    16.88000964     1.00000000
     0.00000000     4.47000000    16.88000964     1.00000000
     0.00000000     4.48000000    16.88000964     1.00000000
     0.00000000     4.49000000    16.88000964     1.00000000
     0.00000000     4.50000000    16.88000964     1.00000000
     0.00000000     4.51000000    16.88000964     1.00000000
     0.00000000     4.52000000    16.88000964     1.00000000
     0.00000000     4.53000000    16.88000964     1.00000000
     0.00000000     4.54000000    16.88000964     1.00000000
     0.00000000     4.55000000    16.88000964     1.00000000
     0.00000000     4.56000000    16.88000964     1.00000000
     0.00000000     4.57000000    16.88000964     1.00000000
     0.00000000     4.58000000    16.88000964     1.00000000
     0.00000000     4.59000000    16.88000964     1.00000000
     0.00000000     4.60000000    16.88000964     1.00000000
     0.00000000     4.61000000    16.88000964     1.00000000
     0.00000000     4.62000000    16.88000964     1.00000000
     0.00000000     4.63000000    16.88000964     1.00000000
     0.00000000     4.64000000    16.88000964     1.00000000
     0.00000000     4.65000000    16.88000964     1.00000000
     0.00000000     4.66000000    16.88000964     1.00000000
     0.00000000     4.67000000    16.88000964     1.00000000
     0.00000000     4.68000000    16.88000964     1.00000000
     0.00000000     4.69000000    16.88000964     1.00000000
     0.00000000     4.70000000    16.88000964     1.00000000
     0.00000000     4.71000000    16.88000964     1.00000000
     0.00000000     4.72000000    16.88000964     1.00000000
     0.00000000     4.73000000    16.88000964     1.00000000
     0.00000000     4.74000000    16.88000964     1.00000000
     0.00000000     4.75000000    16.88000964     1.00000000
     0.00000000     4.76000000    16.88000964     1.00000000
     0.00000000     4.77000000    16.88000964     1.00000000
     0.00000000     4.78000000    16.88000964     1.00000000
     0.00000000     4.79000000    16.88000964     1.00000000
     0.00000000     4.80000000    16.88000964     1.00000000
     0.00000000     4.81000000    16.88000964     1.00000000
     0.00000000     4.82000000    16.88000964     1.00000000
     0.00000000     4.83000000    16.88000964     1.00000000
     0.00000000     4.84000000    16.88000964     1.00000000
     0.00000000     4.85000000    16.88000964     1.00000000
     0.00000000     4.86000000    16.88000964     1.00000000
     0.00000000     4.87000000    16.88000964     1.00000000
     0.00000000     4.88000000    16.88000964     1.00000000
     0.00000000     4.89000000    16.88000964     1.00000000
     0.00000000     4.90000000    16.88000964     1.00000000
     0.00000000     4.91000000    16.88000964     1.00000000
     0.00000000     4.92000000    16.88000964     1.00000000
     0.00000000     4.93000000    16.88000964     1.00000000
     0.00000000     4.94000000    16.88000964     1.00000000
     0.00000000     4.95000000    16.88000964     1.00000000
     0.00000000     4.96000000    16.88000964     1.00000000
     0.00000000     4.97000000    16.88000964     1.00000000
     0.00000000     4.98000000    16.88000964     1.00000000
     0.00000000     4.99000000    16.88000964     1.00000000
     0.00000000     5.00000000    16.88000964     1.00000000
     0.01000000     5.00000000    17.72065661     0.99999570
