    0.0011   19.4045
    0.0021   19.3614
    0.0032   19.3188
    0.0042   19.2687
    0.0053   19.1957
    0.0064   19.0860
    0.0074   18.9265
    0.0085   18.7054
    0.0095   18.4116
    0.0106   18.0354
    0.0117   17.5677
    0.0127   17.0011
    0.0138   16.3288
    0.0149   15.5455
    0.0159   14.6469
    0.0170   13.6301
    0.0180   12.4934
    0.0191   11.2363
    0.0202    9.8595
    0.0212    8.3650
    0.0223    6.7562
    0.0233    5.0413
    0.0244    3.2376
    0.0255    1.3639
    0.0265   -0.5616
    0.0276   -2.5209
    0.0286   -4.4970
    0.0297   -6.4730
    0.0308   -8.4333
    0.0318  -10.3628
    0.0329  -12.2474
    0.0340  -14.0741
    0.0350  -15.8305
    0.0361  -17.5057
    0.0371  -19.0895
    0.0382  -20.5717
    0.0393  -21.9429
    0.0403  -23.1959
    0.0414  -24.3235
    0.0424  -25.3186
    0.0435  -26.1749
    0.0446  -26.8880
    0.0456  -27.4548
    0.0467  -27.8735
    0.0477  -28.1443
    0.0488  -28.2685
    0.0499  -28.2486
    0.0509  -28.0890
    0.0520  -27.7943
    0.0531  -27.3702
    0.0541  -26.8229
    0.0552  -26.1600
    0.0562  -25.3886
    0.0573  -24.5160
    0.0584  -23.5512
    0.0594  -22.5043
    0.0605  -21.3864
    0.0615  -20.2081
    0.0626  -18.9804
    0.0637  -17.7150
    0.0647  -16.4244
    0.0658  -15.1214
    0.0668  -13.8185
    0.0679  -12.5270
    0.0690  -11.2576
    0.0700  -10.0196
    0.0711   -8.8215
    0.0722   -7.6708
    0.0732   -6.5744
    0.0743   -5.5383
    0.0753   -4.5676
    0.0764   -3.6666
    0.0775   -2.8388
    0.0785   -2.0878
    0.0796   -1.4171
    0.0806   -0.8294
    0.0817   -0.3255
    0.0828    0.0946
    0.0838    0.4321
    0.0849    0.6895
    0.0859    0.8682
    0.0870    0.9694
    0.0881    0.9941
    0.0891    0.9404
    0.0902    0.8061
    0.0912    0.5904
    0.0923    0.2952
    0.0934   -0.0766
    0.0944   -0.5224
    0.0955   -1.0396
    0.0966   -1.6256
    0.0976   -2.2752
    0.0987   -2.9811
    0.0997   -3.7360
    0.1008   -4.5334
    0.1019   -5.3648
    0.1029   -6.2205
    0.1040   -7.0916
    0.1050   -7.9692
    0.1061   -8.8454
    0.1072   -9.7120
    0.1082  -10.5604
    0.1093  -11.3811
    0.1103  -12.1633
    0.1114  -12.8987
    0.1125  -13.5854
    0.1135  -14.2252
    0.1146  -14.8194
    0.1157  -15.3674
    0.1167  -15.8679
    0.1178  -16.3190
    0.1188  -16.7174
    0.1199  -17.0608
    0.1210  -17.3496
    0.1220  -17.5863
    0.1231  -17.7731
    0.1241  -17.9115
    0.1252  -18.0017
    0.1263  -18.0419
    0.1273  -18.0306
    0.1284  -17.9664
    0.1294  -17.8484
    0.1305  -17.6744
    0.1316  -17.4413
    0.1326  -17.1441
    0.1337  -16.7789
    0.1348  -16.3450
    0.1358  -15.8445
    0.1369  -15.2808
    0.1379  -14.6587
    0.1390  -13.9829
    0.1401  -13.2597
    0.1411  -12.4968
    0.1422  -11.7023
    0.1432  -10.8857
    0.1443  -10.0577
    0.1454   -9.2287
    0.1464   -8.4070
    0.1475   -7.5986
    0.1485   -6.8089
    0.1496   -6.0435
    0.1507   -5.3085
    0.1517   -4.6095
    0.1528   -3.9512
    0.1538   -3.3380
    0.1549   -2.7739
    0.1560   -2.2640
    0.1570   -1.8136
    0.1581   -1.4262
    0.1592   -1.1000
    0.1602   -0.8293
    0.1613   -0.6080
    0.1623   -0.4330
    0.1634   -0.3022
    0.1645   -0.2149
    0.1655   -0.1723
    0.1666   -0.1770
    0.1676   -0.2312
    0.1687   -0.3370
    0.1698   -0.4970
    0.1708   -0.7133
    0.1719   -0.9864
    0.1729   -1.3154
    0.1740   -1.6987
    0.1751   -2.1337
    0.1761   -2.6158
    0.1772   -3.1402
    0.1783   -3.7031
    0.1793   -4.3016
    0.1804   -4.9313
    0.1814   -5.5857
    0.1825   -6.2579
    0.1836   -6.9419
    0.1846   -7.6327
    0.1857   -8.3241
    0.1867   -9.0090
    0.1878   -9.6812
    0.1889  -10.3355
    0.1899  -10.9674
    0.1910  -11.5728
    0.1920  -12.1483
    0.1931  -12.6904
    0.1942  -13.1944
    0.1952  -13.6556
    0.1963  -14.0712
    0.1974  -14.4399
    0.1984  -14.7603
    0.1995  -15.0307
    0.2005  -15.2504
    0.2016  -15.4188
    0.2027  -15.5362
    0.2037  -15.6024
    0.2048  -15.6172
    0.2058  -15.5804
    0.2069  -15.4914
    0.2080  -15.3498
    0.2090  -15.1558
    0.2101  -14.9100
    0.2111  -14.6140
    0.2122  -14.2698
    0.2133  -13.8803
    0.2143  -13.4487
    0.2154  -12.9798
    0.2165  -12.4786
    0.2175  -11.9508
    0.2186  -11.4023
    0.2196  -10.8374
    0.2207  -10.2609
    0.2218   -9.6792
    0.2228   -9.0984
    0.2239   -8.5228
    0.2249   -7.9561
    0.2260   -7.4021
    0.2271   -6.8652
    0.2281   -6.3491
    0.2292   -5.8567
    0.2302   -5.3912
    0.2313   -4.9564
    0.2324   -4.5552
    0.2334   -4.1892
    0.2345   -3.8584
    0.2355   -3.5630
    0.2366   -3.3029
    0.2377   -3.0774
    0.2387   -2.8843
    0.2398   -2.7208
    0.2409   -2.5846
    0.2419   -2.4739
    0.2430   -2.3885
    0.2440   -2.3295
    0.2451   -2.2988
    0.2462   -2.2986
    0.2472   -2.3309
    0.2483   -2.3977
    0.2493   -2.5010
    0.2504   -2.6426
    0.2515   -2.8244
    0.2525   -3.0477
    0.2536   -3.3133
    0.2546   -3.6202
    0.2557   -3.9660
    0.2568   -4.3475
    0.2578   -4.7613
    0.2589   -5.2040
    0.2600   -5.6714
    0.2610   -6.1586
    0.2621   -6.6603
    0.2631   -7.1704
    0.2642   -7.6825
    0.2653   -8.1905
    0.2663   -8.6890
    0.2674   -9.1733
    0.2684   -9.6387
    0.2695  -10.0804
    0.2706  -10.4948
    0.2716  -10.8795
    0.2727  -11.2326
    0.2737  -11.5523
    0.2748  -11.8370
    0.2759  -12.0860
    0.2769  -12.2991
    0.2780  -12.4761
    0.2791  -12.6170
    0.2801  -12.7218
    0.2812  -12.7905
    0.2822  -12.8230
    0.2833  -12.8197
    0.2844  -12.7817
    0.2854  -12.7098
    0.2865  -12.6048
    0.2875  -12.4673
    0.2886  -12.2982
    0.2897  -12.0984
    0.2907  -11.8689
    0.2918  -11.6099
    0.2928  -11.3214
    0.2939  -11.0037
    0.2950  -10.6581
    0.2960  -10.2862
    0.2971   -9.8902
    0.2982   -9.4733
    0.2992   -9.0389
    0.3003   -8.5911
    0.3013   -8.1343
    0.3024   -7.6731
    0.3035   -7.2124
    0.3045   -6.7568
    0.3056   -6.3103
    0.3066   -5.8766
    0.3077   -5.4594
    0.3088   -5.0626
    0.3098   -4.6906
    0.3109   -4.3480
    0.3119   -4.0382
    0.3130   -3.7636
    0.3141   -3.5258
    0.3151   -3.3256
    0.3162   -3.1634
    0.3172   -3.0386
    0.3183   -2.9497
    0.3194   -2.8955
    0.3204   -2.8754
    0.3215   -2.8887
    0.3226   -2.9340
    0.3236   -3.0096
    0.3247   -3.1139
    0.3257   -3.2466
    0.3268   -3.4079
    0.3279   -3.5982
    0.3289   -3.8170
    0.3300   -4.0633
    0.3310   -4.3355
    0.3321   -4.6321
    0.3332   -4.9509
    0.3342   -5.2899
    0.3353   -5.6464
    0.3363   -6.0175
    0.3374   -6.4001
    0.3385   -6.7910
    0.3395   -7.1866
    0.3406   -7.5832
    0.3417   -7.9770
    0.3427   -8.3642
    0.3438   -8.7413
    0.3448   -9.1054
    0.3459   -9.4532
    0.3470   -9.7812
    0.3480  -10.0859
    0.3491  -10.3648
    0.3501  -10.6160
    0.3512  -10.8386
    0.3523  -11.0321
    0.3533  -11.1962
    0.3544  -11.3306
    0.3554  -11.4351
    0.3565  -11.5097
    0.3576  -11.5546
    0.3586  -11.5698
    0.3597  -11.5551
    0.3608  -11.5102
    0.3618  -11.4345
    0.3629  -11.3277
    0.3639  -11.1900
    0.3650  -11.0218
    0.3661  -10.8240
    0.3671  -10.5977
    0.3682  -10.3443
    0.3692  -10.0655
    0.3703   -9.7630
    0.3714   -9.4387
    0.3724   -9.0947
    0.3735   -8.7335
    0.3745   -8.3578
    0.3756   -7.9706
    0.3767   -7.5753
    0.3777   -7.1754
    0.3788   -6.7749
    0.3798   -6.3779
    0.3809   -5.9888
    0.3820   -5.6115
    0.3830   -5.2499
    0.3841   -4.9075
    0.3852   -4.5874
    0.3862   -4.2926
    0.3873   -4.0259
    0.3883   -3.7897
    0.3894   -3.5856
    0.3905   -3.4150
    0.3915   -3.2788
    0.3926   -3.1780
    0.3936   -3.1129
    0.3947   -3.0839
    0.3958   -3.0911
    0.3968   -3.1342
    0.3979   -3.2126
    0.3989   -3.3252
    0.4000   -3.4709
    0.4011   -3.6479
    0.4021   -3.8539
    0.4032   -4.0865
    0.4043   -4.3431
    0.4053   -4.6210
    0.4064   -4.9176
    0.4074   -5.2304
    0.4085   -5.5571
    0.4096   -5.8949
    0.4106   -6.2410
    0.4117   -6.5922
    0.4127   -6.9451
    0.4138   -7.2961
    0.4149   -7.6416
    0.4159   -7.9779
    0.4170   -8.3014
    0.4180   -8.6086
    0.4191   -8.8965
    0.4202   -9.1621
    0.4212   -9.4027
    0.4223   -9.6156
    0.4234   -9.7987
    0.4244   -9.9501
    0.4255  -10.0683
    0.4265  -10.1521
    0.4276  -10.2009
    0.4287  -10.2140
    0.4297  -10.1914
    0.4308  -10.1335
    0.4318  -10.0406
    0.4329   -9.9139
    0.4340   -9.7547
    0.4350   -9.5646
    0.4361   -9.3456
    0.4371   -9.1000
    0.4382   -8.8305
    0.4393   -8.5397
    0.4403   -8.2308
    0.4414   -7.9071
    0.4425   -7.5717
    0.4435   -7.2283
    0.4446   -6.8804
    0.4456   -6.5316
    0.4467   -6.1853
    0.4478   -5.8450
    0.4488   -5.5142
    0.4499   -5.1962
    0.4509   -4.8941
    0.4520   -4.6108
    0.4531   -4.3491
    0.4541   -4.1114
    0.4552   -3.9000
    0.4562   -3.7168
    0.4573   -3.5635
    0.4584   -3.4417
    0.4594   -3.3523
    0.4605   -3.2964
    0.4615   -3.2744
    0.4626   -3.2865
    0.4637   -3.3325
    0.4647   -3.4122
    0.4658   -3.5246
    0.4669   -3.6688
    0.4679   -3.8432
    0.4690   -4.0463
    0.4700   -4.2759
    0.4711   -4.5299
    0.4722   -4.8055
    0.4732   -5.1001
    0.4743   -5.4107
    0.4753   -5.7341
    0.4764   -6.0669
    0.4775   -6.4059
    0.4785   -6.7475
    0.4796   -7.0883
    0.4806   -7.4248
    0.4817   -7.7537
    0.4828   -8.0715
    0.4838   -8.3753
    0.4849   -8.6619
    0.4860   -8.9287
    0.4870   -9.1730
    0.4881   -9.3925
    0.4891   -9.5853
    0.4902   -9.7496
    0.4913   -9.8839
    0.4923   -9.9871
    0.4934  -10.0583
    0.4944  -10.0971
    0.4955  -10.1032
    0.4966  -10.0767
    0.4976  -10.0179
    0.4987   -9.9275
    0.4997   -9.8065
    0.5008   -9.6560
    0.5019   -9.4777
    0.5029   -9.2732
    0.5040   -9.0446
    0.5051   -8.7943
    0.5061   -8.5246
    0.5072   -8.2384
    0.5082   -7.9383
    0.5093   -7.6275
    0.5104   -7.3090
    0.5114   -6.9861
    0.5125   -6.6620
    0.5135   -6.3401
    0.5146   -6.0235
    0.5157   -5.7157
    0.5167   -5.4196
    0.5178   -5.1384
    0.5188   -4.8749
    0.5199   -4.6317
    0.5210   -4.4114
    0.5220   -4.2160
    0.5231   -4.0476
    0.5242   -3.9077
    0.5252   -3.7978
    0.5263   -3.7188
    0.5273   -3.6714
    0.5284   -3.6560
    0.5295   -3.6726
    0.5305   -3.7209
    0.5316   -3.8004
    0.5326   -3.9100
    0.5337   -4.0486
    0.5348   -4.2148
    0.5358   -4.4068
    0.5369   -4.6226
    0.5379   -4.8600
    0.5390   -5.1168
    0.5401   -5.3903
    0.5411   -5.6778
    0.5422   -5.9764
    0.5432   -6.2833
    0.5443   -6.5955
    0.5454   -6.9099
    0.5464   -7.2234
    0.5475   -7.5330
    0.5486   -7.8357
    0.5496   -8.1284
    0.5507   -8.4084
    0.5517   -8.6729
    0.5528   -8.9192
    0.5539   -9.1448
    0.5549   -9.3476
    0.5560   -9.5255
    0.5570   -9.6767
    0.5581   -9.7997
    0.5592   -9.8935
    0.5602   -9.9570
    0.5613   -9.9898
    0.5623   -9.9916
    0.5634   -9.9625
    0.5645   -9.9029
    0.5655   -9.8136
    0.5666   -9.6956
    0.5677   -9.5503
    0.5687   -9.3791
    0.5698   -9.1840
    0.5708   -8.9671
    0.5719   -8.7306
    0.5730   -8.4769
    0.5740   -8.2088
    0.5751   -7.9289
    0.5761   -7.6400
    0.5772   -7.3450
    0.5783   -7.0468
    0.5793   -6.7484
    0.5804   -6.4527
    0.5814   -6.1626
    0.5825   -5.8809
    0.5836   -5.6104
    0.5846   -5.3536
    0.5857   -5.1133
    0.5868   -4.8916
    0.5878   -4.6908
    0.5889   -4.5129
    0.5899   -4.3597
    0.5910   -4.2327
    0.5921   -4.1332
    0.5931   -4.0621
    0.5942   -4.0203
    0.5952   -4.0081
    0.5963   -4.0258
    0.5974   -4.0731
    0.5984   -4.1496
    0.5995   -4.2544
    0.6005   -4.3863
    0.6016   -4.5441
    0.6027   -4.7260
    0.6037   -4.9302
    0.6048   -5.1544
    0.6058   -5.3965
    0.6069   -5.6538
    0.6080   -5.9237
    0.6090   -6.2035
    0.6101   -6.4903
    0.6112   -6.7813
    0.6122   -7.0734
    0.6133   -7.3638
    0.6143   -7.6497
    0.6154   -7.9282
    0.6165   -8.1966
    0.6175   -8.4524
    0.6186   -8.6932
    0.6196   -8.9167
    0.6207   -9.1208
    0.6218   -9.3036
    0.6228   -9.4633
    0.6239   -9.5986
    0.6249   -9.7081
    0.6260   -9.7908
    0.6271   -9.8459
    0.6281   -9.8731
    0.6292   -9.8720
    0.6303   -9.8427
    0.6313   -9.7855
    0.6324   -9.7011
    0.6334   -9.5903
    0.6345   -9.4542
    0.6356   -9.2943
    0.6366   -9.1122
    0.6377   -8.9097
    0.6387   -8.6890
    0.6398   -8.4523
    0.6409   -8.2021
    0.6419   -7.9409
    0.6430   -7.6715
    0.6440   -7.3966
    0.6451   -7.1190
    0.6462   -6.8416
    0.6472   -6.5672
    0.6483   -6.2986
    0.6494   -6.0385
    0.6504   -5.7895
    0.6515   -5.5540
    0.6525   -5.3344
    0.6536   -5.1328
    0.6547   -4.9512
    0.6557   -4.7911
    0.6568   -4.6543
    0.6578   -4.5418
    0.6589   -4.4549
    0.6600   -4.3942
    0.6610   -4.3603
    0.6621   -4.3534
    0.6631   -4.3735
    0.6642   -4.4205
    0.6653   -4.4938
    0.6663   -4.5927
    0.6674   -4.7162
    0.6685   -4.8630
    0.6695   -5.0318
    0.6706   -5.2207
    0.6716   -5.4280
    0.6727   -5.6516
    0.6738   -5.8891
    0.6748   -6.1382
    0.6759   -6.3964
    0.6769   -6.6611
    0.6780   -6.9297
    0.6791   -7.1994
    0.6801   -7.4674
    0.6812   -7.7312
    0.6822   -7.9880
    0.6833   -8.2352
    0.6844   -8.4705
    0.6854   -8.6914
    0.6865   -8.8958
    0.6875   -9.0817
    0.6886   -9.2474
    0.6897   -9.3912
    0.6907   -9.5119
    0.6918   -9.6085
    0.6929   -9.6799
    0.6939   -9.7258
    0.6950   -9.7457
    0.6960   -9.7396
    0.6971   -9.7076
    0.6982   -9.6503
    0.6992   -9.5682
    0.7003   -9.4623
    0.7013   -9.3337
    0.7024   -9.1836
    0.7035   -9.0136
    0.7045   -8.8255
    0.7056   -8.6211
    0.7066   -8.4024
    0.7077   -8.1716
    0.7088   -7.9311
    0.7098   -7.6831
    0.7109   -7.4302
    0.7120   -7.1749
    0.7130   -6.9197
    0.7141   -6.6673
    0.7151   -6.4201
    0.7162   -6.1806
    0.7173   -5.9514
    0.7183   -5.7347
    0.7194   -5.5326
    0.7204   -5.3474
    0.7215   -5.1808
    0.7226   -5.0345
    0.7236   -4.9099
    0.7247   -4.8084
    0.7257   -4.7308
    0.7268   -4.6779
    0.7279   -4.6502
    0.7289   -4.6477
    0.7300   -4.6705
    0.7311   -4.7183
    0.7321   -4.7904
    0.7332   -4.8859
    0.7342   -5.0040
    0.7353   -5.1432
    0.7364   -5.3022
    0.7374   -5.4792
    0.7385   -5.6726
    0.7395   -5.8803
    0.7406   -6.1002
    0.7417   -6.3303
    0.7427   -6.5681
    0.7438   -6.8115
    0.7448   -7.0580
    0.7459   -7.3052
    0.7470   -7.5506
    0.7480   -7.7920
    0.7491   -8.0269
    0.7502   -8.2530
    0.7512   -8.4681
    0.7523   -8.6702
    0.7533   -8.8571
    0.7544   -9.0271
    0.7555   -9.1784
    0.7565   -9.3097
    0.7576   -9.4196
    0.7586   -9.5069
    0.7597   -9.5710
    0.7608   -9.6112
    0.7618   -9.6271
    0.7629   -9.6186
    0.7639   -9.5861
    0.7650   -9.5297
    0.7661   -9.4503
    0.7671   -9.3488
    0.7682   -9.2261
    0.7692   -9.0838
    0.7703   -8.9233
    0.7714   -8.7464
    0.7724   -8.5548
    0.7735   -8.3506
    0.7746   -8.1359
    0.7756   -7.9128
    0.7767   -7.6836
    0.7777   -7.4506
    0.7788   -7.2161
    0.7799   -6.9823
    0.7809   -6.7516
    0.7820   -6.5263
    0.7830   -6.3085
    0.7841   -6.1003
    0.7852   -5.9039
    0.7862   -5.7210
    0.7873   -5.5535
    0.7883   -5.4030
    0.7894   -5.2710
    0.7905   -5.1588
    0.7915   -5.0676
    0.7926   -4.9982
    0.7937   -4.9513
    0.7947   -4.9274
    0.7958   -4.9269
    0.7968   -4.9495
    0.7979   -4.9952
    0.7990   -5.0634
    0.8000   -5.1535
    0.8011   -5.2644
    0.8021   -5.3950
    0.8032   -5.5440
    0.8043   -5.7097
    0.8053   -5.8905
    0.8064   -6.0844
    0.8074   -6.2895
    0.8085   -6.5036
    0.8096   -6.7245
    0.8106   -6.9499
    0.8117   -7.1777
    0.8128   -7.4055
    0.8138   -7.6309
    0.8149   -7.8519
    0.8159   -8.0662
    0.8170   -8.2717
    0.8181   -8.4666
    0.8191   -8.6488
    0.8202   -8.8168
    0.8212   -8.9689
    0.8223   -9.1037
    0.8234   -9.2200
    0.8244   -9.3167
    0.8255   -9.3930
    0.8265   -9.4482
    0.8276   -9.4817
    0.8287   -9.4933
    0.8297   -9.4830
    0.8308   -9.4509
    0.8318   -9.3973
    0.8329   -9.3228
    0.8340   -9.2282
    0.8350   -9.1144
    0.8361   -8.9825
    0.8372   -8.8340
    0.8382   -8.6703
    0.8393   -8.4931
    0.8403   -8.3042
    0.8414   -8.1055
    0.8425   -7.8991
    0.8435   -7.6870
    0.8446   -7.4715
    0.8456   -7.2548
    0.8467   -7.0389
    0.8478   -6.8263
    0.8488   -6.6189
    0.8499   -6.4189
    0.8509   -6.2284
    0.8520   -6.0491
    0.8531   -5.8829
    0.8541   -5.7313
    0.8552   -5.5959
    0.8563   -5.4779
    0.8573   -5.3785
    0.8584   -5.2984
    0.8594   -5.2385
    0.8605   -5.1993
    0.8616   -5.1810
    0.8626   -5.1838
    0.8637   -5.2076
    0.8647   -5.2520
    0.8658   -5.3167
    0.8669   -5.4008
    0.8679   -5.5036
    0.8690   -5.6241
    0.8700   -5.7609
    0.8711   -5.9128
    0.8722   -6.0783
    0.8732   -6.2556
    0.8743   -6.4430
    0.8754   -6.6386
    0.8764   -6.8405
    0.8775   -7.0467
    0.8785   -7.2551
    0.8796   -7.4636
    0.8807   -7.6702
    0.8817   -7.8727
    0.8828   -8.0691
    0.8838   -8.2575
    0.8849   -8.4360
    0.8860   -8.6028
    0.8870   -8.7562
    0.8881   -8.8948
    0.8891   -9.0172
    0.8902   -9.1222
    0.8913   -9.2089
    0.8923   -9.2764
    0.8934   -9.3243
    0.8945   -9.3520
    0.8955   -9.3595
    0.8966   -9.3467
    0.8976   -9.3139
    0.8987   -9.2615
    0.8998   -9.1901
    0.9008   -9.1005
    0.9019   -8.9936
    0.9029   -8.8707
    0.9040   -8.7329
    0.9051   -8.5817
    0.9061   -8.4185
    0.9072   -8.2450
    0.9082   -8.0630
    0.9093   -7.8743
    0.9104   -7.6807
    0.9114   -7.4841
    0.9125   -7.2866
    0.9135   -7.0900
    0.9146   -6.8963
    0.9157   -6.7075
    0.9167   -6.5254
    0.9178   -6.3519
    0.9189   -6.1886
    0.9199   -6.0373
    0.9210   -5.8994
    0.9220   -5.7764
    0.9231   -5.6695
    0.9242   -5.5796
    0.9252   -5.5078
    0.9263   -5.4547
    0.9273   -5.4207
    0.9284   -5.4062
    0.9295   -5.4113
    0.9305   -5.4359
    0.9316   -5.4795
    0.9326   -5.5419
    0.9337   -5.6221
    0.9348   -5.7194
    0.9358   -5.8327
    0.9369   -5.9609
    0.9380   -6.1026
    0.9390   -6.2563
    0.9401   -6.4204
    0.9411   -6.5934
    0.9422   -6.7734
    0.9433   -6.9587
    0.9443   -7.1474
    0.9454   -7.3377
    0.9464   -7.5277
    0.9475   -7.7155
    0.9486   -7.8993
    0.9496   -8.0773
    0.9507   -8.2478
    0.9517   -8.4091
    0.9528   -8.5597
    0.9539   -8.6980
    0.9549   -8.8228
    0.9560   -8.9329
    0.9571   -9.0270
    0.9581   -9.1045
    0.9592   -9.1644
    0.9602   -9.2064
    0.9613   -9.2299
    0.9624   -9.2348
    0.9634   -9.2211
    0.9645   -9.1890
    0.9655   -9.1389
    0.9666   -9.0713
    0.9677   -8.9870
    0.9687   -8.8868
    0.9698   -8.7718
    0.9708   -8.6433
    0.9719   -8.5025
    0.9730   -8.3510
    0.9740   -8.1903
    0.9751   -8.0221
    0.9762   -7.8480
    0.9772   -7.6699
    0.9783   -7.4895
    0.9793   -7.3086
    0.9804   -7.1291
    0.9815   -6.9528
    0.9825   -6.7812
    0.9836   -6.6163
    0.9846   -6.4596
    0.9857   -6.3125
    0.9868   -6.1766
    0.9878   -6.0532
    0.9889   -5.9434
    0.9899   -5.8484
    0.9910   -5.7689
    0.9921   -5.7057
    0.9931   -5.6596
    0.9942   -5.6307
    0.9952   -5.6195
    0.9963   -5.6261
    0.9974   -5.6503
    0.9984   -5.6919
    0.9995   -5.7504
    1.0006   -5.8252
    1.0016   -5.9156
    1.0027   -6.0206
    1.0037   -6.1391
    1.0048   -6.2700
    1.0059   -6.4118
    1.0069   -6.5632
    1.0080   -6.7225
    1.0090   -6.8882
    1.0101   -7.0585
    1.0112   -7.2318
    1.0122   -7.4062
    1.0133   -7.5800
    1.0143   -7.7514
    1.0154   -7.9189
    1.0165   -8.0806
    1.0175   -8.2350
    1.0186   -8.3807
    1.0197   -8.5162
    1.0207   -8.6401
    1.0218   -8.7514
    1.0228   -8.8491
    1.0239   -8.9321
    1.0250   -8.9997
    1.0260   -9.0514
    1.0271   -9.0867
    1.0281   -9.1053
    1.0292   -9.1071
    1.0303   -9.0922
    1.0313   -9.0606
    1.0324   -9.0129
    1.0334   -8.9495
    1.0345   -8.8710
    1.0356   -8.7783
    1.0366   -8.6722
    1.0377   -8.5540
    1.0388   -8.4246
    1.0398   -8.2855
    1.0409   -8.1381
    1.0419   -7.9838
    1.0430   -7.8243
    1.0441   -7.6610
    1.0451   -7.4957
    1.0462   -7.3301
    1.0472   -7.1658
    1.0483   -7.0045
    1.0494   -6.8479
    1.0504   -6.6974
    1.0515   -6.5547
    1.0525   -6.4211
    1.0536   -6.2980
    1.0547   -6.1866
    1.0557   -6.0880
    1.0568   -6.0031
    1.0578   -5.9327
    1.0589   -5.8774
    1.0600   -5.8377
    1.0610   -5.8140
    1.0621   -5.8065
    1.0632   -5.8151
    1.0642   -5.8396
    1.0653   -5.8799
    1.0663   -5.9354
    1.0674   -6.0056
    1.0685   -6.0897
    1.0695   -6.1869
    1.0706   -6.2961
    1.0716   -6.4163
    1.0727   -6.5463
    1.0738   -6.6847
    1.0748   -6.8303
    1.0759   -6.9814
    1.0769   -7.1368
    1.0780   -7.2947
    1.0791   -7.4537
    1.0801   -7.6121
    1.0812   -7.7683
    1.0823   -7.9209
    1.0833   -8.0682
    1.0844   -8.2089
    1.0854   -8.3414
    1.0865   -8.4646
    1.0876   -8.5771
    1.0886   -8.6779
    1.0897   -8.7660
    1.0907   -8.8406
    1.0918   -8.9009
    1.0929   -8.9465
    1.0939   -8.9768
    1.0950   -8.9918
    1.0960   -8.9912
    1.0971   -8.9752
    1.0982   -8.9440
    1.0992   -8.8979
    1.1003   -8.8376
    1.1014   -8.7636
    1.1024   -8.6768
    1.1035   -8.5780
    1.1045   -8.4684
    1.1056   -8.3490
    1.1067   -8.2209
    1.1077   -8.0856
    1.1088   -7.9444
    1.1098   -7.7987
    1.1109   -7.6499
    1.1120   -7.4995
    1.1130   -7.3491
    1.1141   -7.1999
    1.1151   -7.0537
    1.1162   -6.9117
    1.1173   -6.7755
    1.1183   -6.6463
    1.1194   -6.5254
    1.1205   -6.4141
    1.1215   -6.3135
    1.1226   -6.2246
    1.1236   -6.1482
    1.1247   -6.0851
    1.1258   -6.0359
    1.1268   -6.0010
    1.1279   -5.9809
    1.1289   -5.9756
    1.1300   -5.9852
    1.1311   -6.0096
    1.1321   -6.0484
    1.1332   -6.1012
    1.1342   -6.1676
    1.1353   -6.2466
    1.1364   -6.3375
    1.1374   -6.4394
    1.1385   -6.5511
    1.1395   -6.6715
    1.1406   -6.7994
    1.1417   -6.9335
    1.1427   -7.0723
    1.1438   -7.2145
    1.1449   -7.3587
    1.1459   -7.5035
    1.1470   -7.6474
    1.1480   -7.7890
    1.1491   -7.9269
    1.1502   -8.0599
    1.1512   -8.1866
    1.1523   -8.3058
    1.1533   -8.4164
    1.1544   -8.5172
    1.1555   -8.6074
    1.1565   -8.6861
    1.1576   -8.7524
    1.1586   -8.8058
    1.1597   -8.8458
    1.1608   -8.8719
    1.1618   -8.8841
    1.1629   -8.8820
    1.1640   -8.8659
    1.1650   -8.8359
    1.1661   -8.7923
    1.1671   -8.7355
    1.1682   -8.6663
    1.1693   -8.5853
    1.1703   -8.4934
    1.1714   -8.3915
    1.1724   -8.2808
    1.1735   -8.1623
    1.1746   -8.0373
    1.1756   -7.9070
    1.1767   -7.7729
    1.1777   -7.6361
    1.1788   -7.4983
    1.1799   -7.3606
    1.1809   -7.2245
    1.1820   -7.0914
    1.1831   -6.9625
    1.1841   -6.8392
    1.1852   -6.7226
    1.1862   -6.6139
    1.1873   -6.5141
    1.1884   -6.4241
    1.1894   -6.3449
    1.1905   -6.2772
    1.1915   -6.2215
    1.1926   -6.1785
    1.1937   -6.1486
    1.1947   -6.1319
    1.1958   -6.1286
    1.1968   -6.1388
    1.1979   -6.1624
    1.1990   -6.1989
    1.2000   -6.2482
    1.2011   -6.3096
    1.2022   -6.3826
    1.2032   -6.4664
    1.2043   -6.5601
    1.2053   -6.6627
    1.2064   -6.7733
    1.2075   -6.8907
    1.2085   -7.0136
    1.2096   -7.1409
    1.2106   -7.2712
    1.2117   -7.4032
    1.2128   -7.5356
    1.2138   -7.6669
    1.2149   -7.7960
    1.2159   -7.9215
    1.2170   -8.0421
    1.2181   -8.1568
    1.2191   -8.2643
    1.2202   -8.3636
    1.2212   -8.4538
    1.2223   -8.5340
    1.2234   -8.6035
    1.2244   -8.6617
    1.2255   -8.7080
    1.2266   -8.7420
    1.2276   -8.7634
    1.2287   -8.7722
    1.2297   -8.7682
    1.2308   -8.7515
    1.2319   -8.7224
    1.2329   -8.6811
    1.2340   -8.6281
    1.2350   -8.5640
    1.2361   -8.4894
    1.2372   -8.4050
    1.2382   -8.3118
    1.2393   -8.2106
    1.2403   -8.1024
    1.2414   -7.9884
    1.2425   -7.8698
    1.2435   -7.7476
    1.2446   -7.6232
    1.2457   -7.4978
    1.2467   -7.3726
    1.2478   -7.2490
    1.2488   -7.1282
    1.2499   -7.0114
    1.2510   -6.8997
    1.2520   -6.7944
    1.2531   -6.6963
    1.2541   -6.6066
    1.2552   -6.5260
    1.2563   -6.4554
    1.2573   -6.3954
    1.2584   -6.3465
    1.2594   -6.3094
    1.2605   -6.2841
    1.2616   -6.2711
    1.2626   -6.2703
    1.2637   -6.2816
    1.2648   -6.3051
    1.2658   -6.3403
    1.2669   -6.3869
    1.2679   -6.4443
    1.2690   -6.5121
    1.2701   -6.5894
    1.2711   -6.6755
    1.2722   -6.7694
    1.2732   -6.8704
    1.2743   -6.9773
    1.2754   -7.0891
    1.2764   -7.2046
    1.2775   -7.3228
    1.2785   -7.4424
    1.2796   -7.5622
    1.2807   -7.6812
    1.2817   -7.7980
    1.2828   -7.9116
    1.2838   -8.0208
    1.2849   -8.1246
    1.2860   -8.2219
    1.2870   -8.3117
    1.2881   -8.3932
    1.2892   -8.4655
    1.2902   -8.5281
    1.2913   -8.5802
    1.2923   -8.6213
    1.2934   -8.6512
    1.2945   -8.6695
    1.2955   -8.6761
    1.2966   -8.6710
    1.2976   -8.6543
    1.2987   -8.6262
    1.2998   -8.5870
    1.3008   -8.5372
    1.3019   -8.4774
    1.3029   -8.4081
    1.3040   -8.3302
    1.3051   -8.2443
    1.3061   -8.1515
    1.3072   -8.0526
    1.3083   -7.9487
    1.3093   -7.8407
    1.3104   -7.7298
    1.3114   -7.6171
    1.3125   -7.5036
    1.3136   -7.3905
    1.3146   -7.2788
    1.3157   -7.1698
    1.3167   -7.0645
    1.3178   -6.9638
    1.3189   -6.8688
    1.3199   -6.7804
    1.3210   -6.6995
    1.3220   -6.6268
    1.3231   -6.5631
    1.3242   -6.5091
    1.3252   -6.4652
    1.3263   -6.4319
    1.3274   -6.4095
    1.3284   -6.3983
    1.3295   -6.3982
    1.3305   -6.4093
    1.3316   -6.4314
    1.3327   -6.4644
    1.3337   -6.5078
    1.3348   -6.5612
    1.3358   -6.6239
    1.3369   -6.6954
    1.3380   -6.7749
    1.3390   -6.8615
    1.3401   -6.9544
    1.3411   -7.0526
    1.3422   -7.1551
    1.3433   -7.2608
    1.3443   -7.3688
    1.3454   -7.4778
    1.3465   -7.5868
    1.3475   -7.6948
    1.3486   -7.8006
    1.3496   -7.9033
    1.3507   -8.0018
    1.3518   -8.0952
    1.3528   -8.1826
    1.3539   -8.2631
    1.3549   -8.3360
    1.3560   -8.4006
    1.3571   -8.4563
    1.3581   -8.5026
    1.3592   -8.5389
    1.3602   -8.5651
    1.3613   -8.5808
    1.3624   -8.5859
    1.3634   -8.5804
    1.3645   -8.5643
    1.3655   -8.5379
    1.3666   -8.5014
    1.3677   -8.4552
    1.3687   -8.3998
    1.3698   -8.3358
    1.3709   -8.2638
    1.3719   -8.1845
    1.3730   -8.0989
    1.3740   -8.0077
    1.3751   -7.9119
    1.3762   -7.8125
    1.3772   -7.7105
    1.3783   -7.6070
    1.3793   -7.5029
    1.3804   -7.3995
    1.3815   -7.2976
    1.3825   -7.1984
    1.3836   -7.1028
    1.3846   -7.0118
    1.3857   -6.9262
    1.3868   -6.8468
    1.3878   -6.7746
    1.3889   -6.7100
    1.3900   -6.6538
    1.3910   -6.6065
    1.3921   -6.5684
    1.3931   -6.5400
    1.3942   -6.5215
    1.3953   -6.5130
    1.3963   -6.5145
    1.3974   -6.5261
    1.3984   -6.5477
    1.3995   -6.5788
    1.4006   -6.6194
    1.4016   -6.6689
    1.4027   -6.7268
    1.4037   -6.7925
    1.4048   -6.8655
    1.4059   -6.9449
    1.4069   -7.0299
    1.4080   -7.1196
    1.4091   -7.2133
    1.4101   -7.3098
    1.4112   -7.4083
    1.4122   -7.5076
    1.4133   -7.6070
    1.4144   -7.7052
    1.4154   -7.8013
    1.4165   -7.8944
    1.4175   -7.9836
    1.4186   -8.0679
    1.4197   -8.1466
    1.4207   -8.2188
    1.4218   -8.2840
    1.4228   -8.3413
    1.4239   -8.3904
    1.4250   -8.4307
    1.4260   -8.4619
    1.4271   -8.4838
    1.4282   -8.4961
    1.4292   -8.4988
    1.4303   -8.4920
    1.4313   -8.4756
    1.4324   -8.4499
    1.4335   -8.4153
    1.4345   -8.3720
    1.4356   -8.3205
    1.4366   -8.2614
    1.4377   -8.1953
    1.4388   -8.1228
    1.4398   -8.0447
    1.4409   -7.9617
    1.4419   -7.8747
    1.4430   -7.7846
    1.4441   -7.6922
    1.4451   -7.5985
    1.4462   -7.5044
    1.4472   -7.4108
    1.4483   -7.3187
    1.4494   -7.2290
    1.4504   -7.1426
    1.4515   -7.0603
    1.4526   -6.9831
    1.4536   -6.9115
    1.4547   -6.8465
    1.4557   -6.7885
    1.4568   -6.7382
    1.4579   -6.6961
    1.4589   -6.6625
    1.4600   -6.6378
    1.4610   -6.6222
    1.4621   -6.6159
    1.4632   -6.6187
    1.4642   -6.6308
    1.4653   -6.6519
    1.4663   -6.6817
    1.4674   -6.7200
    1.4685   -6.7663
    1.4695   -6.8202
    1.4706   -6.8810
    1.4717   -6.9481
    1.4727   -7.0209
    1.4738   -7.0986
    1.4748   -7.1805
    1.4759   -7.2657
    1.4770   -7.3533
    1.4780   -7.4426
    1.4791   -7.5325
    1.4801   -7.6223
    1.4812   -7.7110
    1.4823   -7.7978
    1.4833   -7.8818
    1.4844   -7.9622
    1.4854   -8.0382
    1.4865   -8.1091
    1.4876   -8.1742
    1.4886   -8.2327
    1.4897   -8.2843
    1.4908   -8.3283
    1.4918   -8.3644
    1.4929   -8.3921
    1.4939   -8.4113
    1.4950   -8.4217
    1.4961   -8.4234
    1.4971   -8.4163
    1.4982   -8.4004
    1.4992   -8.3761
    1.5003   -8.3435
    1.5014   -8.3031
    1.5024   -8.2552
    1.5035   -8.2003
    1.5045   -8.1391
    1.5056   -8.0721
    1.5067   -8.0001
    1.5077   -7.9238
    1.5088   -7.8440
    1.5098   -7.7615
    1.5109   -7.6771
    1.5120   -7.5916
    1.5130   -7.5060
    1.5141   -7.4210
    1.5152   -7.3375
    1.5162   -7.2564
    1.5173   -7.1784
    1.5183   -7.1043
    1.5194   -7.0348
    1.5205   -6.9706
    1.5215   -6.9123
    1.5226   -6.8604
    1.5236   -6.8155
    1.5247   -6.7780
    1.5258   -6.7483
    1.5268   -6.7266
    1.5279   -6.7131
    1.5289   -6.7080
    1.5300   -6.7113
    1.5311   -6.7229
    1.5321   -6.7428
    1.5332   -6.7706
    1.5343   -6.8061
    1.5353   -6.8490
    1.5364   -6.8987
    1.5374   -6.9548
    1.5385   -7.0167
    1.5396   -7.0838
    1.5406   -7.1553
    1.5417   -7.2305
    1.5427   -7.3087
    1.5438   -7.3891
    1.5449   -7.4709
    1.5459   -7.5531
    1.5470   -7.6351
    1.5480   -7.7159
    1.5491   -7.7949
    1.5502   -7.8711
    1.5512   -7.9439
    1.5523   -8.0125
    1.5534   -8.0762
    1.5544   -8.1346
    1.5555   -8.1869
    1.5565   -8.2327
    1.5576   -8.2717
    1.5587   -8.3033
    1.5597   -8.3274
    1.5608   -8.3437
    1.5618   -8.3521
    1.5629   -8.3525
    1.5640   -8.3449
    1.5650   -8.3295
    1.5661   -8.3065
    1.5671   -8.2760
    1.5682   -8.2384
    1.5693   -8.1940
    1.5703   -8.1434
    1.5714   -8.0870
    1.5725   -8.0254
    1.5735   -7.9593
    1.5746   -7.8892
    1.5756   -7.8160
    1.5767   -7.7403
    1.5778   -7.6629
    1.5788   -7.5847
    1.5799   -7.5063
    1.5809   -7.4287
    1.5820   -7.3525
    1.5831   -7.2785
    1.5841   -7.2076
    1.5852   -7.1403
    1.5862   -7.0774
    1.5873   -7.0194
    1.5884   -6.9670
    1.5894   -6.9206
    1.5905   -6.8807
    1.5915   -6.8476
    1.5926   -6.8217
    1.5937   -6.8032
    1.5947   -6.7922
    1.5958   -6.7889
    1.5969   -6.7932
    1.5979   -6.8050
    1.5990   -6.8243
    1.6000   -6.8508
    1.6011   -6.8842
    1.6022   -6.9242
    1.6032   -6.9704
    1.6043   -7.0222
    1.6053   -7.0792
    1.6064   -7.1409
    1.6075   -7.2064
    1.6085   -7.2753
    1.6096   -7.3468
    1.6106   -7.4202
    1.6117   -7.4948
    1.6128   -7.5698
    1.6138   -7.6445
    1.6149   -7.7181
    1.6160   -7.7900
    1.6170   -7.8592
    1.6181   -7.9253
    1.6191   -7.9875
    1.6202   -8.0452
    1.6213   -8.0979
    1.6223   -8.1450
    1.6234   -8.1861
    1.6244   -8.2208
    1.6255   -8.2487
    1.6266   -8.2697
    1.6276   -8.2835
    1.6287   -8.2900
    1.6297   -8.2892
    1.6308   -8.2811
    1.6319   -8.2658
    1.6329   -8.2436
    1.6340   -8.2146
    1.6351   -8.1793
    1.6361   -8.1378
    1.6372   -8.0908
    1.6382   -8.0386
    1.6393   -7.9818
    1.6404   -7.9211
    1.6414   -7.8569
    1.6425   -7.7899
    1.6435   -7.7208
    1.6446   -7.6504
    1.6457   -7.5792
    1.6467   -7.5080
    1.6478   -7.4376
    1.6488   -7.3685
    1.6499   -7.3015
    1.6510   -7.2374
    1.6520   -7.1766
    1.6531   -7.1198
    1.6542   -7.0675
    1.6552   -7.0203
    1.6563   -6.9787
    1.6573   -6.9429
    1.6584   -6.9135
    1.6595   -6.8906
    1.6605   -6.8745
    1.6616   -6.8654
    1.6626   -6.8632
    1.6637   -6.8681
    1.6648   -6.8799
    1.6658   -6.8985
    1.6669   -6.9236
    1.6679   -6.9551
    1.6690   -6.9926
    1.6701   -7.0357
    1.6711   -7.0839
    1.6722   -7.1367
    1.6732   -7.1936
    1.6743   -7.2540
    1.6754   -7.3173
    1.6764   -7.3828
    1.6775   -7.4499
    1.6786   -7.5179
    1.6796   -7.5861
    1.6807   -7.6539
    1.6817   -7.7206
    1.6828   -7.7855
    1.6839   -7.8480
    1.6849   -7.9075
    1.6860   -7.9634
    1.6870   -8.0152
    1.6881   -8.0623
    1.6892   -8.1044
    1.6902   -8.1410
    1.6913   -8.1717
    1.6923   -8.1963
    1.6934   -8.2146
    1.6945   -8.2264
    1.6955   -8.2315
    1.6966   -8.2300
    1.6977   -8.2219
    1.6987   -8.2073
    1.6998   -8.1863
    1.7008   -8.1592
    1.7019   -8.1262
    1.7030   -8.0877
    1.7040   -8.0442
    1.7051   -7.9961
    1.7061   -7.9438
    1.7072   -7.8879
    1.7083   -7.8290
    1.7093   -7.7676
    1.7104   -7.7045
    1.7114   -7.6402
    1.7125   -7.5753
    1.7136   -7.5106
    1.7146   -7.4466
    1.7157   -7.3840
    1.7168   -7.3235
    1.7178   -7.2655
    1.7189   -7.2108
    1.7199   -7.1598
    1.7210   -7.1129
    1.7221   -7.0708
    1.7231   -7.0337
    1.7242   -7.0020
    1.7252   -6.9761
    1.7263   -6.9562
    1.7274   -6.9424
    1.7284   -6.9349
    1.7295   -6.9337
    1.7305   -6.9388
    1.7316   -6.9502
    1.7327   -6.9678
    1.7337   -6.9913
    1.7348   -7.0204
    1.7358   -7.0550
    1.7369   -7.0946
    1.7380   -7.1388
    1.7390   -7.1873
    1.7401   -7.2394
    1.7412   -7.2946
    1.7422   -7.3525
    1.7433   -7.4124
    1.7443   -7.4737
    1.7454   -7.5357
    1.7465   -7.5979
    1.7475   -7.6597
    1.7486   -7.7203
    1.7496   -7.7793
    1.7507   -7.8360
    1.7518   -7.8899
    1.7528   -7.9403
    1.7539   -7.9870
    1.7549   -8.0293
    1.7560   -8.0669
    1.7571   -8.0994
    1.7581   -8.1266
    1.7592   -8.1482
    1.7603   -8.1639
    1.7613   -8.1737
    1.7624   -8.1775
    1.7634   -8.1753
    1.7645   -8.1671
    1.7656   -8.1530
    1.7666   -8.1333
    1.7677   -8.1080
    1.7687   -8.0774
    1.7698   -8.0420
    1.7709   -8.0020
    1.7719   -7.9578
    1.7730   -7.9100
    1.7740   -7.8589
    1.7751   -7.8051
    1.7762   -7.7491
    1.7772   -7.6916
    1.7783   -7.6330
    1.7794   -7.5739
    1.7804   -7.5150
    1.7815   -7.4569
    1.7825   -7.4000
    1.7836   -7.3450
    1.7847   -7.2924
    1.7857   -7.2428
    1.7868   -7.1967
    1.7878   -7.1544
    1.7889   -7.1165
    1.7900   -7.0832
    1.7910   -7.0549
    1.7921   -7.0320
    1.7931   -7.0145
    1.7942   -7.0026
    1.7953   -6.9965
    1.7963   -6.9962
    1.7974   -7.0018
    1.7985   -7.0130
    1.7995   -7.0297
    1.8006   -7.0519
    1.8016   -7.0792
    1.8027   -7.1114
    1.8038   -7.1481
    1.8048   -7.1889
    1.8059   -7.2335
    1.8069   -7.2813
    1.8080   -7.3319
    1.8091   -7.3848
    1.8101   -7.4394
    1.8112   -7.4952
    1.8122   -7.5517
    1.8133   -7.6082
    1.8144   -7.6643
    1.8154   -7.7193
    1.8165   -7.7728
    1.8175   -7.8242
    1.8186   -7.8729
    1.8197   -7.9186
    1.8207   -7.9607
    1.8218   -7.9988
    1.8229   -8.0326
    1.8239   -8.0618
    1.8250   -8.0860
    1.8260   -8.1052
    1.8271   -8.1189
    1.8282   -8.1273
    1.8292   -8.1301
    1.8303   -8.1275
    1.8313   -8.1193
    1.8324   -8.1058
    1.8335   -8.0871
    1.8345   -8.0633
    1.8356   -8.0348
    1.8366   -8.0018
    1.8377   -7.9648
    1.8388   -7.9239
    1.8398   -7.8798
    1.8409   -7.8328
    1.8420   -7.7834
    1.8430   -7.7322
    1.8441   -7.6795
    1.8451   -7.6260
    1.8462   -7.5722
    1.8473   -7.5185
    1.8483   -7.4657
    1.8494   -7.4141
    1.8504   -7.3643
    1.8515   -7.3167
    1.8526   -7.2720
    1.8536   -7.2304
    1.8547   -7.1924
    1.8557   -7.1583
    1.8568   -7.1285
    1.8579   -7.1033
    1.8589   -7.0829
    1.8600   -7.0675
    1.8611   -7.0572
    1.8621   -7.0521
    1.8632   -7.0524
    1.8642   -7.0579
    1.8653   -7.0685
    1.8664   -7.0843
    1.8674   -7.1049
    1.8685   -7.1302
    1.8695   -7.1599
    1.8706   -7.1937
    1.8717   -7.2313
    1.8727   -7.2722
    1.8738   -7.3160
    1.8748   -7.3624
    1.8759   -7.4107
    1.8770   -7.4606
    1.8780   -7.5115
    1.8791   -7.5630
    1.8802   -7.6144
    1.8812   -7.6653
    1.8823   -7.7152
    1.8833   -7.7635
    1.8844   -7.8099
    1.8855   -7.8539
    1.8865   -7.8949
    1.8876   -7.9328
    1.8886   -7.9670
    1.8897   -7.9972
    1.8908   -8.0232
    1.8918   -8.0448
    1.8929   -8.0616
    1.8939   -8.0736
    1.8950   -8.0807
    1.8961   -8.0827
    1.8971   -8.0798
    1.8982   -8.0719
    1.8992   -8.0591
    1.9003   -8.0416
    1.9014   -8.0195
    1.9024   -7.9931
    1.9035   -7.9627
    1.9046   -7.9286
    1.9056   -7.8911
    1.9067   -7.8507
    1.9077   -7.8077
    1.9088   -7.7626
    1.9099   -7.7158