    0.0743   26.6667
    0.0796   29.7333
    0.0849   33.2667
    0.0902   37.5333
    0.0955   41.4667
    0.1008   44.9333
    0.1061   48.2667
    0.1114   50.3333
    0.1167   52.0667
    0.1220   54.1333
    0.1273   54.5333
    0.1326   55.2000
    0.1379   56.1333
    0.1432   57.0000
    0.1485   58.5333
    0.1538   61.1333
    0.1592   63.2000
    0.1645   64.4000
    0.1698   64.7333
    0.1751   65.8000
    0.1804   67.0667
    0.1857   68.8667
    0.1910   70.8667
    0.1963   71.6000
    0.2016   70.8000
    0.2069   71.4667
    0.2122   72.2000
    0.2175   73.1333
    0.2228   74.4000
    0.2281   75.5333
    0.2334   75.7333
    0.2387   75.4667
    0.2440   75.6000
    0.2493   75.8000
    0.2546   75.9333
    0.2600   76.1333
    0.2653   75.8667
    0.2706   75.2000
    0.2759   74.4667
    0.2812   74.5333
    0.2865   74.2667
    0.2918   73.5333
    0.2971   72.7333
    0.3024   71.7333
    0.3077   71.0000
    0.3130   70.8667
    0.3183   70.8000
    0.3236   70.8000
    0.3289   70.6667
    0.3342   69.9333
    0.3395   69.4000
    0.3448   69.2667
    0.3501   69.1333
    0.3554   69.4667
    0.3608   69.0000
    0.3661   68.8667
    0.3714   68.8667
    0.3767   69.0667
    0.3820   69.8000
    0.3873   70.4000
    0.3926   70.6667
    0.3979   71.1333
    0.4032   71.6000
    0.4085   72.2667
    0.4138   73.4667
    0.4191   74.7333
    0.4244   75.6000
    0.4297   76.3333
    0.4350   76.8000
    0.4403   77.7333
    0.4456   78.6000
    0.4509   79.8000
    0.4562   80.6667
    0.4615   80.8000
    0.4669   80.5333
    0.4722   80.1333
    0.4775   79.8000
    0.4828   79.6000
    0.4881   79.3333
    0.4934   78.6667
    0.4987   77.7333
    0.5040   77.1333
    0.5093   76.5333
    0.5146   76.2667
    0.5199   75.9333
    0.5252   75.4000
    0.5305   74.4667
    0.5358   73.2667
    0.5411   72.5333
    0.5464   72.4667
    0.5517   72.8000
    0.5570   72.8000
    0.5623   72.6667
    0.5677   72.5333
    0.5730   72.2000
    0.5783   72.2667
    0.5836   72.2000
    0.5889   72.3333
    0.5942   72.1333
    0.5995   71.6000
    0.6048   71.0667
    0.6101   70.6000
    0.6154   70.4667
    0.6207   70.6000
    0.6260   70.2667
    0.6313   69.2667
    0.6366   68.4000
    0.6419   67.4667
    0.6472   66.7333
    0.6525   66.7333
    0.6578   66.3333
    0.6631   65.4667
    0.6685   64.5333
    0.6738   63.8000
    0.6791   63.3333
    0.6844   63.0000
    0.6897   63.1333
    0.6950   63.0667
    0.7003   62.4000
    0.7056   61.6000
    0.7109   61.4000
    0.7162   61.1333
    0.7215   60.8667
    0.7268   60.3333
    0.7321   59.4000
    0.7374   58.6000
    0.7427   58.1333
    0.7480   58.0667
    0.7533   58.0000
    0.7586   57.9333
    0.7639   57.6667
    0.7692   56.9333
    0.7746   56.3333
    0.7799   56.1333
    0.7852   56.3333
    0.7905   56.3333
    0.7958   56.1333
    0.8011   55.8000
    0.8064   55.7333
    0.8117   55.6667
    0.8170   55.7333
    0.8223   55.7333
    0.8276   55.4667
    0.8329   54.8667
    0.8382   54.2000
    0.8435   53.6667
    0.8488   53.4000
    0.8541   53.2667
    0.8594   53.0000
    0.8647   52.3333
    0.8700   51.6000
    0.8754   51.2000
    0.8807   51.0000
    0.8860   50.9333
    0.8913   50.8000
    0.8966   50.4000
    0.9019   49.8000
    0.9072   49.4000
    0.9125   49.2667
    0.9178   49.4000
    0.9231   49.4000
    0.9284   49.2000
    0.9337   48.8667
    0.9390   48.3333
    0.9443   48.3333
    0.9496   48.7333
    0.9549   49.0000
    0.9602   49.2667
    0.9655   49.0000
    0.9708   48.6667
    0.9762   48.5333
    0.9815   48.7333
    0.9868   48.8667
    0.9921   48.8667
    0.9974   48.5333
    1.0027   48.2000
    1.0080   47.9333
    1.0133   47.7333
    1.0186   48.0000
    1.0239   48.0667
    1.0292   47.7333
    1.0345   47.2667
    1.0398   46.7333
    1.0451   46.4000
    1.0504   46.3333
    1.0557   46.2667
    1.0610   46.0667
    1.0663   45.6000
    1.0716   45.0667
    1.0769   44.8667
    1.0823   45.0000
    1.0876   45.2000
    1.0929   45.4667
    1.0982   44.9333
    1.1035   44.3333
    1.1088   44.0667
    1.1141   43.9333
    1.1194   44.0667
    1.1247   44.1333
    1.1300   44.0000
    1.1353   43.8000
    1.1406   43.6000
    1.1459   43.6000
    1.1512   44.0000
    1.1565   44.2000
    1.1618   44.2000
    1.1671   44.0667
    1.1724   43.6667
    1.1777   43.9333
    1.1831   44.6000
    1.1884   44.8667
    1.1937   44.8667
    1.1990   44.6000
    1.2043   44.4000
    1.2096   44.1333
    1.2149   44.0000
    1.2202   44.0667
    1.2255   44.0667
    1.2308   43.5333
    1.2361   43.0667
    1.2414   42.7333
    1.2467   42.5333
    1.2520   42.6000
    1.2573   42.4667
    1.2626   42.0667
    1.2679   41.5333
    1.2732   41.2000
    1.2785   40.8667
    1.2838   40.6667
    1.2892   40.6000
    1.2945   40.6000
    1.2998   40.4000
    1.3051   40.1333
    1.3104   40.2000
    1.3157   40.2667
    1.3210   40.3333
    1.3263   40.1333
    1.3316   39.6000
    1.3369   39.0667
    1.3422   38.4000
    1.3475   38.0000
    1.3528   37.9333
    1.3581   38.0000
    1.3634   37.7333
    1.3687   37.2667
    1.3740   36.8000
    1.3793   36.5333
    1.3846   36.5333
    1.3900   36.4667
    1.3953   36.3333
    1.4006   36.0000
    1.4059   35.6667
    1.4112   35.6000
    1.4165   35.7333
    1.4218   36.0000
    1.4271   36.2000
    1.4324   36.0000
    1.4377   35.6000
    1.4430   35.5333
    1.4483   35.6667
    1.4536   35.8667
    1.4589   35.8667
    1.4642   35.5333
    1.4695   35.1333
    1.4748   34.7333
    1.4801   34.6000
    1.4854   34.6000
    1.4908   34.7333
    1.4961   34.6667
    1.5014   34.2667
    1.5067   33.8667
    1.5120   33.6667
    1.5173   33.6000
    1.5226   33.5333
    1.5279   33.4000
    1.5332   32.9333
    1.5385   32.5333
    1.5438   32.2667
    1.5491   32.1333
    1.5544   32.2667
    1.5597   32.2000
    1.5650   32.3333
    1.5703   32.2000
    1.5756   32.2000
    1.5809   32.4000
    1.5862   32.6667
    1.5915   32.8667
    1.5969   32.8667
    1.6022   32.6000
    1.6075   32.4000
    1.6128   32.4000
    1.6181   32.5333
    1.6234   32.8000
    1.6287   33.0000
    1.6340   32.8667
    1.6393   32.6667
    1.6446   32.3333
    1.6499   32.1333
    1.6552   31.9333
    1.6605   31.8000
    1.6658   31.5333
    1.6711   31.2000
    1.6764   31.0000
    1.6817   31.3333
    1.6870   31.6667
    1.6923   31.9333
    1.6977   32.0667
    1.7030   32.0667
    1.7083   32.0000
    1.7136   32.1333
    1.7189   32.4000
    1.7242   32.6667
    1.7295   32.8667
    1.7348   32.8667
    1.7401   32.8000
    1.7454   32.9333
    1.7507   33.0667
    1.7560   33.2667
    1.7613   33.1333
    1.7666   32.9333
    1.7719   32.6667
    1.7772   32.3333
    1.7825   32.1333
    1.7878   32.0000
    1.7931   31.7333
    1.7985   31.4000
    1.8038   30.9333
    1.8091   30.5333
    1.8144   30.4000
    1.8197   30.4667
    1.8250   30.5333
    1.8303   30.6667
    1.8356   30.6000
    1.8409   30.4667
    1.8462   30.4000
    1.8515   30.5333
    1.8568   30.8000
    1.8621   30.8667
    1.8674   30.8000
    1.8727   30.8000
    1.8780   30.9333
    1.8833   31.2000
    1.8886   31.6000
    1.8939   31.8667
    1.8992   31.8000
    1.9046   31.6000
    1.9099   31.4000
    1.9152   31.3333
    1.9205   31.5333
    1.9258   31.6667
    1.9311   31.5333
    1.9364   31.3333
    1.9417   31.2000
    1.9470   31.2000
    1.9523   31.2000
    1.9576   31.0667
    1.9629   31.0667
    1.9682   30.7333
    1.9735   30.4000
    1.9788   30.3333
    1.9841   30.3333
    1.9894   30.4000
    1.9947   30.4000
    2.0000   30.2000
    2.0054   30.0667
    2.0107   30.0000
    2.0160   30.0000
    2.0213   30.0000
    2.0266   30.0667
    2.0319   30.0667
    2.0372   29.9333
    2.0425   29.7333
    2.0478   29.7333
    2.0531   29.8667
    2.0584   30.0000
    2.0637   30.0000
    2.0690   29.8667
    2.0743   29.8667
    2.0796   29.8000
    2.0849   29.7333
    2.0902   29.7333
    2.0955   29.7333
    2.1008   29.6000
    2.1062   29.3333
    2.1115   29.2000
    2.1168   29.2667
    2.1221   29.3333
    2.1274   29.5333
    2.1327   29.4000
    2.1380   29.0667
    2.1433   28.8000
    2.1486   28.8000
    2.1539   28.8000
    2.1592   28.8667
    2.1645   28.8000
    2.1698   28.6667
    2.1751   28.3333
    2.1804   28.2667
    2.1857   28.4667
    2.1910   28.4667
    2.1963   28.4000
    2.2016   28.1333
    2.2069   27.6667
    2.2123   27.4000
    2.2176   27.2667
    2.2229   27.2667
    2.2282   27.0667
    2.2335   26.8000
    2.2388   26.5333
    2.2441   26.5333
    2.2494   26.6667
    2.2547   27.0000
    2.2600   27.0667
    2.2653   26.7333
    2.2706   26.5333
    2.2759   26.3333
    2.2812   26.2000
    2.2865   26.2000
    2.2918   26.3333
    2.2971   26.3333
    2.3024   26.2667
    2.3077   26.2000
    2.3131   26.1333
    2.3184   26.1333
    2.3237   26.1333
    2.3290   26.0667
    2.3343   25.9333
    2.3396   25.8667
    2.3449   26.0667
    2.3502   26.1333
    2.3555   26.3333
    2.3608   26.5333
    2.3661   26.5333
    2.3714   26.3333
    2.3767   26.2667
    2.3820   26.2667
    2.3873   26.2667
    2.3926   26.2667
    2.3979   26.2000
    2.4032   26.0000
    2.4085   25.7333
    2.4138   25.5333
    2.4192   25.4000
    2.4245   25.2667
    2.4298   25.2667
    2.4351   25.0667
    2.4404   24.9333
    2.4457   24.9333
    2.4510   25.1333
    2.4563   25.4000
    2.4616   25.6000
    2.4669   25.8000
    2.4722   25.9333
    2.4775   26.0000
    2.4828   26.1333
    2.4881   26.3333
    2.4934   26.6000
    2.4987   26.7333
    2.5040   26.7333
    2.5093   26.7333
    2.5146   26.8000
    2.5200   26.9333
    2.5253   27.0667
    2.5306   26.9333
    2.5359   26.7333
    2.5412   26.5333
    2.5465   26.3333
    2.5518   26.2667
    2.5571   26.2667
    2.5624   26.2000
    2.5677   26.0667
    2.5730   25.8000
    2.5783   25.6667
    2.5836   25.6000
    2.5889   25.5333
    2.5942   25.4667
    2.5995   25.3333
    2.6048   25.2000
    2.6101   25.2000
    2.6154   25.2667
    2.6208   25.4000
    2.6261   25.5333
    2.6314   25.5333
    2.6367   25.4667
    2.6420   25.4000
    2.6473   25.4000
    2.6526   25.5333
    2.6579   25.8000
    2.6632   26.0000
    2.6685   26.1333
    2.6738   26.2667
    2.6791   26.4000
    2.6844   26.6000
    2.6897   26.8667
    2.6950   27.0667
    2.7003   27.1333
    2.7056   27.2000
    2.7109   27.2667
    2.7162   27.4667
    2.7215   27.8000
    2.7269   28.1333
    2.7322   28.3333
    2.7375   28.2667
    2.7428   28.3333
    2.7481   28.4667
    2.7534   28.6000
    2.7587   28.7333
    2.7640   28.8000
    2.7693   28.8000
    2.7746   28.8000
    2.7799   28.8667
    2.7852   29.0000
    2.7905   29.2000
    2.7958   29.3333
    2.8011   29.2000
    2.8064   29.1333
    2.8117   29.0000
    2.8170   29.1333
    2.8223   29.2000
    2.8277   29.2667
    2.8330   29.2667
    2.8383   29.2000
    2.8436   29.2000
    2.8489   29.2000
    2.8542   29.2667
    2.8595   29.3333
    2.8648   29.3333
    2.8701   29.2667
    2.8754   29.2000
    2.8807   29.2667
    2.8860   29.3333
    2.8913   29.4667
    2.8966   29.4667
    2.9019   29.4667
    2.9072   29.4000
    2.9125   29.4000
    2.9178   29.5333
    2.9231   29.6000
    2.9285   29.6667
    2.9338   29.6667
    2.9391   29.5333
    2.9444   29.4000
    2.9497   29.3333
    2.9550   29.4000
    2.9603   29.4667
    2.9656   29.3333
    2.9709   29.2000
    2.9762   29.0000
    2.9815   28.8000
    2.9868   28.7333
    2.9921   28.6667
    2.9974   28.6000
    3.0027   28.4667
    3.0080   28.2667
    3.0133   28.1333
    3.0186   28.2667
    3.0239   28.4000
    3.0292   28.4667
    3.0346   28.3333
    3.0399   28.1333
    3.0452   28.0667
    3.0505   28.0667
    3.0558   28.2000
    3.0611   28.2667
    3.0664   28.2667
    3.0717   28.2667
    3.0770   28.2000
    3.0823   28.2000
    3.0876   28.3333
    3.0929   28.4667
    3.0982   28.1333
    3.1035   27.8000
    3.1088   27.4667
    3.1141   27.2000
    3.1194   27.0667
    3.1247   27.0000
    3.1300   26.8667
    3.1354   26.6667
    3.1407   26.4667
    3.1460   26.2667
    3.1513   26.1333
    3.1566   26.1333
    3.1619   26.2000
    3.1672   26.1333
    3.1725   25.9333
    3.1778   26.0000
    3.1831   26.2667
    3.1884   26.6000
    3.1937   26.9333
    3.1990   27.0667
    3.2043   27.1333
    3.2096   27.1333
    3.2149   27.1333
    3.2202   27.2000
    3.2255   27.3333
    3.2308   27.4000
    3.2362   27.3333
    3.2415   27.2000
    3.2468   27.1333
    3.2521   27.2000
    3.2574   27.4000
    3.2627   27.4000
    3.2680   27.3333
    3.2733   27.2667
    3.2786   27.3333
    3.2839   27.4667
    3.2892   27.6667
    3.2945   27.8667
    3.2998   27.9333
    3.3051   27.9333
    3.3104   27.8000
    3.3157   27.6667
    3.3210   27.6000
    3.3263   27.5333
    3.3316   27.3333
    3.3369   27.0667
    3.3423   26.7333
    3.3476   26.4667
    3.3529   26.2667
    3.3582   26.1333
    3.3635   26.0667
    3.3688   25.9333
    3.3741   25.6667
    3.3794   25.6000
    3.3847   25.7333
    3.3900   25.8667
    3.3953   26.0667
    3.4006   26.2000
    3.4059   26.2667
    3.4112   26.4000
    3.4165   26.6000
    3.4218   26.9333
    3.4271   27.2667
    3.4324   27.5333
    3.4377   27.4667
    3.4431   27.2667
    3.4484   27.2000
    3.4537   27.2667
    3.4590   27.2667
    3.4643   27.0000
    3.4696   26.8667
    3.4749   26.6667
    3.4802   26.4667
    3.4855   26.3333
    3.4908   26.2667
    3.4961   26.0667
    3.5014   25.8667
    3.5067   25.7333
    3.5120   25.4667
    3.5173   25.4667
    3.5226   25.6000
    3.5279   25.7333
    3.5332   25.7333
    3.5385   25.6667
    3.5439   25.6000
    3.5492   25.6000
    3.5545   25.6000
    3.5598   25.7333
    3.5651   25.8000
    3.5704   25.8000
    3.5757   25.8000
    3.5810   25.8000
    3.5863   25.6667
    3.5916   25.7333
    3.5969   25.8667
    3.6022   25.7333
    3.6075   25.5333
    3.6128   25.4667
    3.6181   25.6667
    3.6234   25.8667
    3.6287   26.0000
    3.6340   26.1333
    3.6393   26.0000
    3.6446   25.9333
    3.6500   25.8667
    3.6553   25.8667
    3.6606   25.8000
    3.6659   25.8000
    3.6712   25.7333
    3.6765   25.6000
    3.6818   25.6667
    3.6871   25.7333
    3.6924   25.8667
    3.6977   26.0000
    3.7030   26.0667
    3.7083   26.0667
    3.7136   26.0667
    3.7189   26.2000
    3.7242   26.3333
    3.7295   26.4667
    3.7348   26.4667
    3.7401   26.4667
    3.7454   26.4667
    3.7508   26.4667
    3.7561   26.4667
    3.7614   26.4667
    3.7667   26.4000
    3.7720   26.2000
    3.7773   25.8000
    3.7826   25.6000
    3.7879   25.6667
    3.7932   25.7333
    3.7985   25.7333
    3.8038   25.6667
    3.8091   25.5333
    3.8144   25.4000
    3.8197   25.2667
    3.8250   25.2000
    3.8303   25.0667
    3.8356   24.8000
    3.8409   24.4667
    3.8462   24.1333
    3.8515   23.9333
    3.8569   23.7333
    3.8622   23.4667
    3.8675   22.9333
    3.8728   22.4000
    3.8781   21.9333
    3.8834   21.5333
    3.8887   21.2667
    3.8940   21.1333
    3.8993   21.0000
    3.9046   20.7333
    3.9099   20.4667
    3.9152   20.4667
    3.9205   20.4667
    3.9258   20.5333
    3.9311   20.4667
    3.9364   20.3333
    3.9417   20.3333
    3.9470   20.4000
    3.9523   20.3333
    3.9577   20.2667
    3.9630   20.2667
    3.9683   20.2000
    3.9736   20.0667
    3.9789   19.9333
    3.9842   19.8667
    3.9895   20.0000
    3.9948   20.0000
    4.0001   19.9333
    4.0054   19.6667
    4.0107   19.5333
    4.0160   19.5333
    4.0213   19.3333
    4.0266   19.2000
    4.0319   19.2000
    4.0372   19.1333
    4.0425   18.9333
    4.0478   18.7333
    4.0531   18.6000
    4.0585   18.6667
    4.0638   18.8000
    4.0691   18.8667
    4.0744   19.0000
    4.0797   19.1333
    4.0850   19.4000
    4.0903   19.6667
    4.0956   19.8000
    4.1009   20.0000
    4.1062   20.1333
    4.1115   20.2667
    4.1168   20.5333
    4.1221   20.9333
    4.1274   21.3333
    4.1327   21.6667
    4.1380   21.7333
    4.1433   21.6000
    4.1486   21.5333
    4.1539   21.4000
    4.1592   21.3333
    4.1646   21.5333
    4.1699   21.5333
    4.1752   21.5333
    4.1805   21.5333
    4.1858   21.6000
    4.1911   21.6667
    4.1964   21.6667
    4.2017   21.5333
    4.2070   21.4667
    4.2123   21.4000
    4.2176   21.4667
    4.2229   21.6667
    4.2282   21.6667
    4.2335   21.6667
    4.2388   21.7333
    4.2441   21.5333
    4.2494   21.4667
    4.2547   21.4667
    4.2600   21.4667
    4.2654   21.4667
    4.2707   21.4667
    4.2760   21.3333
    4.2813   21.2667
    4.2866   21.2000
    4.2919   21.3333
    4.2972   21.3333
    4.3025   21.2667
    4.3078   21.2667
    4.3131   21.2667
    4.3184   21.2000
    4.3237   21.2667
    4.3290   21.3333
    4.3343   21.4000
    4.3396   21.4000
    4.3449   21.2667
    4.3502   21.3333
    4.3555   21.5333
    4.3608   21.6000
    4.3662   21.7333
    4.3715   21.7333
    4.3768   21.6667
    4.3821   21.6000
    4.3874   21.6000
    4.3927   21.6000
    4.3980   21.5333
    4.4033   21.4000
    4.4086   21.2667
    4.4139   21.1333
    4.4192   21.0667
    4.4245   21.1333
    4.4298   21.0000
    4.4351   20.8000
    4.4404   20.7333
    4.4457   20.5333
    4.4510   20.3333
    4.4563   20.3333
    4.4616   20.4000
    4.4669   20.4000
    4.4723   20.3333
    4.4776   20.3333
    4.4829   20.4000
    4.4882   20.4667
    4.4935   20.5333
    4.4988   20.6000
    4.5041   20.6000
    4.5094   20.6000
    4.5147   20.6667
    4.5200   20.7333
    4.5253   20.8667
    4.5306   21.0000
    4.5359   21.0000
    4.5412   21.0000
    4.5465   21.0000
    4.5518   21.0667
    4.5571   21.1333
    4.5624   21.1333
    4.5677   21.1333
    4.5731   21.1333
    4.5784   21.1333
    4.5837   21.2000
    4.5890   21.2667
    4.5943   21.4000
    4.5996   21.4667
    4.6049   21.4667
    4.6102   21.4000
    4.6155   21.4000
    4.6208   21.4000
    4.6261   21.4000
    4.6314   21.4000
    4.6367   21.4000
    4.6420   21.3333
    4.6473   21.3333
    4.6526   21.3333
    4.6579   21.3333
    4.6632   21.2667
    4.6685   21.2000
    4.6739   21.0000
    4.6792   20.9333
    4.6845   20.8667
    4.6898   21.0000
    4.6951   21.1333
    4.7004   21.2667
    4.7057   21.4000
    4.7110   21.4000
    4.7163   21.6000
    4.7216   21.8000
    4.7269   21.8667
    4.7322   21.9333
    4.7375   21.9333
    4.7428   21.9333
    4.7481   21.9333
    4.7534   22.0000
    4.7587   22.0667
    4.7640   22.0667
    4.7693   21.9333
    4.7746   21.8000
    4.7800   21.6667
    4.7853   21.5333
    4.7906   21.6000
    4.7959   21.6000
    4.8012   21.5333
    4.8065   21.5333
    4.8118   21.6000
    4.8171   21.7333
    4.8224   21.8667
    4.8277   22.0000
    4.8330   22.1333
    4.8383   22.2000
    4.8436   22.3333
    4.8489   22.4667
    4.8542   22.6000
    4.8595   22.7333
    4.8648   22.8667
    4.8701   22.9333
    4.8754   22.8000
    4.8808   22.8000
    4.8861   22.8667
    4.8914   22.8667
    4.8967   22.8667
    4.9020   22.8667
    4.9073   22.8667
    4.9126   22.8000
    4.9179   22.8000
    4.9232   22.9333
    4.9285   23.0667
    4.9338   23.2000
    4.9391   23.3333
    4.9444   23.4667
    4.9497   23.6000
    4.9550   23.8000
    4.9603   24.0000
    4.9656   24.1333
    4.9709   24.2667
    4.9762   24.4000
    4.9815   24.4000
    4.9869   24.4000
    4.9922   24.4667
    4.9975   24.4667
    5.0028   24.3333
    5.0081   24.1333
    5.0134   23.9333
    5.0187   23.7333
    5.0240   23.5333
    5.0293   23.3333
    5.0346   23.0667
    5.0399   22.8000
    5.0452   22.5333
    5.0505   22.2667
    5.0558   22.0667
    5.0611   21.9333
    5.0664   21.8000
    5.0717   21.6000
    5.0770   21.4000
    5.0823   21.2667
    5.0877   21.2000
    5.0930   21.1333
    5.0983   21.0667
    5.1036   21.0000
    5.1089   20.9333
    5.1142   20.9333
    5.1195   20.9333
    5.1248   21.0000
    5.1301   21.0667
    5.1354   21.1333
    5.1407   21.0667
    5.1460   21.0000
    5.1513   21.0667
    5.1566   21.1333
    5.1619   21.2000
    5.1672   21.2667
    5.1725   21.3333
    5.1778   21.4000
    5.1831   21.5333
    5.1885   21.6667
    5.1938   21.8000
    5.1991   21.9333
    5.2044   22.0000
    5.2097   21.9333
    5.2150   21.8000
    5.2203   21.8667
    5.2256   21.9333
    5.2309   21.9333
    5.2362   22.0000
    5.2415   22.0667
    5.2468   22.2000
    5.2521   22.3333
    5.2574   22.4667
    5.2627   22.5333
    5.2680   22.6000
    5.2733   22.6000
    5.2786   22.4667
    5.2839   22.4000
    5.2892   22.4667
    5.2946   22.6000
    5.2999   22.6667
    5.3052   22.6667
    5.3105   22.8000
    5.3158   22.8000
    5.3211   22.6667
    5.3264   22.4667
    5.3317   22.2667
    5.3370   22.0667
    5.3423   21.8667
    5.3476   21.6667
    5.3529   21.5333
    5.3582   21.6000
    5.3635   21.6000
    5.3688   21.6000
    5.3741   21.5333
    5.3794   21.5333
    5.3847   21.5333
    5.3900   21.4667
    5.3954   21.4000
    5.4007   21.4000
    5.4060   21.4000
    5.4113   21.4000
    5.4166   21.4000
    5.4219   21.4000
    5.4272   21.4000
    5.4325   21.4000
    5.4378   21.3333
    5.4431   21.2667
    5.4484   21.2000
    5.4537   21.1333
    5.4590   21.0667
    5.4643   21.0667
    5.4696   21.0000
    5.4749   21.0000
    5.4802   21.0000
    5.4855   21.0000
    5.4908   21.0000
    5.4962   21.0000
    5.5015   21.0000
    5.5068   21.0000
    5.5121   21.0000
    5.5174   21.0000
    5.5227   21.0000
    5.5280   21.0667
    5.5333   21.1333
    5.5386   21.0000
    5.5439   21.0000
    5.5492   21.0667
    5.5545   21.1333
    5.5598   21.2000
    5.5651   21.2667
    5.5704   21.3333
    5.5757   21.4000
    5.5810   21.4667
    5.5863   21.4667
    5.5916   21.4667
    5.5969   21.4667
    5.6023   21.4667
    5.6076   21.3333
    5.6129   21.2000
    5.6182   21.2667
    5.6235   21.2000
    5.6288   21.2000
    5.6341   21.1333
    5.6394   21.0667
    5.6447   21.0000
    5.6500   20.9333
    5.6553   20.8667
    5.6606   20.8000
    5.6659   20.8667
    5.6712   20.8667
    5.6765   20.7333
    5.6818   20.6000
    5.6871   20.6000
    5.6924   20.6000
    5.6977   20.6000
    5.7031   20.6000
    5.7084   20.5333
    5.7137   20.4667
    5.7190   20.4667
    5.7243   20.4667
    5.7296   20.4667
    5.7349   20.4667
    5.7402   20.4667
    5.7455   20.3333
    5.7508   20.3333
    5.7561   20.4667
    5.7614   20.6000
    5.7667   20.6667
    5.7720   20.6000
    5.7773   20.6667
    5.7826   20.7333
    5.7879   20.6667
    5.7932   20.7333
    5.7985   20.7333
    5.8039   20.8000
    5.8092   20.8000
    5.8145   20.8000
    5.8198   20.8000
    5.8251   20.8667
    5.8304   20.8667
    5.8357   20.8667
    5.8410   20.8667
    5.8463   20.8667
    5.8516   21.0000
    5.8569   21.0000
    5.8622   21.0000
    5.8675   21.0000
    5.8728   20.8667
    5.8781   20.7333
    5.8834   20.5333
    5.8887   20.4000
    5.8940   20.2667
    5.8993   20.1333
    5.9046   20.0000
    5.9100   19.8667
    5.9153   19.7333
    5.9206   19.6000
    5.9259   19.5333
    5.9312   19.4667
    5.9365   19.4000
    5.9418   19.3333
    5.9471   19.4000
    5.9524   19.5333
    5.9577   19.6667
    5.9630   19.8000
    5.9683   19.9333
    5.9736   20.0667
    5.9789   20.1333
    5.9842   20.2000
    5.9895   20.2667
    5.9948   20.3333
    6.0001   20.4667
    6.0054   20.4000
    6.0108   20.3333
    6.0161   20.4000
    6.0214   20.4667
    6.0267   20.4667
    6.0320   20.4667
    6.0373   20.4667
    6.0426   20.4667
    6.0479   20.4667
    6.0532   20.5333
    6.0585   20.6000
    6.0638   20.6667
    6.0691   20.7333
    6.0744   20.8000
    6.0797   20.8000
    6.0850   20.9333
    6.0903   20.9333
    6.0956   20.8667
    6.1009   20.6667
    6.1062   20.4000
    6.1115   20.1333
    6.1169   19.8667
    6.1222   19.6000
    6.1275   19.4000
    6.1328   19.1333
    6.1381   18.8667
    6.1434   18.6000
    6.1487   18.3333
    6.1540   18.1333
    6.1593   18.0000
    6.1646   17.9333
    6.1699   17.8667
    6.1752   17.7333
    6.1805   17.7333
    6.1858   17.8000
    6.1911   17.9333
    6.1964   18.1333
    6.2017   18.2000
    6.2070   18.1333
    6.2123   18.2000
    6.2177   18.3333
    6.2230   18.5333
    6.2283   18.7333
    6.2336   18.8667
    6.2389   18.8667
    6.2442   18.8000
    6.2495   18.8667
    6.2548   18.9333
    6.2601   19.0000
    6.2654   19.0667
    6.2707   19.0000
    6.2760   18.8000
    6.2813   18.7333
    6.2866   18.8000
    6.2919   18.7333
    6.2972   18.7333
    6.3025   18.5333
    6.3078   18.3333
    6.3131   18.1333
    6.3185   18.0667
    6.3238   18.0667
    6.3291   18.0667
    6.3344   18.0667
    6.3397   18.0000
    6.3450   17.8667
    6.3503   17.8000
    6.3556   17.8000
    6.3609   17.8667
    6.3662   17.8667
    6.3715   17.8667
    6.3768   17.8000
    6.3821   18.0000
    6.3874   18.2000
    6.3927   18.4000
    6.3980   18.4667
    6.4033   18.4667
    6.4086   18.4667
    6.4139   18.3333
    6.4192   18.2667
    6.4246   18.4000
    6.4299   18.5333
    6.4352   18.6667
    6.4405   18.7333
    6.4458   18.8000
    6.4511   18.8667
    6.4564   19.0000
    6.4617   19.0000
    6.4670   19.0000
    6.4723   19.0000
    6.4776   18.9333
    6.4829   19.0000
    6.4882   19.0667
    6.4935   19.2667
    6.4988   19.3333
    6.5041   19.2667
    6.5094   19.2000
    6.5147   19.1333
    6.5200   19.0667
    6.5254   19.0000
    6.5307   18.9333
    6.5360   18.8000
    6.5413   18.6667
    6.5466   18.5333
    6.5519   18.4000
    6.5572   18.4000
    6.5625   18.2667
    6.5678   18.1333
    6.5731   18.0000
    6.5784   18.0000
    6.5837   18.0000
    6.5890   18.0000
    6.5943   18.0667
    6.5996   18.2000
    6.6049   18.2667
    6.6102   18.2667
    6.6155   18.2667
    6.6208   18.2667
    6.6262   18.3333
    6.6315   18.4000
    6.6368   18.4000
    6.6421   18.4667
    6.6474   18.5333
    6.6527   18.6000
    6.6580   18.6667
    6.6633   18.8667
    6.6686   19.0000
    6.6739   19.0000
    6.6792   18.9333
    6.6845   19.0000
    6.6898   19.1333
    6.6951   19.2667
    6.7004   19.4000
    6.7057   19.4667
    6.7110   19.5333
    6.7163   19.6667
    6.7216   19.7333
    6.7269   19.8000
    6.7323   19.9333
    6.7376   20.0000
    6.7429   19.8667
    6.7482   19.8667
    6.7535   19.9333
    6.7588   20.0000
    6.7641   20.0667
    6.7694   20.0667
    6.7747   20.0667
    6.7800   20.0667
    6.7853   20.1333
    6.7906   20.2000
    6.7959   20.2667
    6.8012   20.3333
    6.8065   20.4000
    6.8118   20.4000
    6.8171   20.4667
    6.8224   20.6000
    6.8277   20.6667
    6.8331   20.7333
    6.8384   20.8000
    6.8437   20.8000
    6.8490   20.8667
    6.8543   20.9333
    6.8596   21.0000
    6.8649   21.0000
    6.8702   21.0000
    6.8755   21.0000
    6.8808   21.0000
    6.8861   21.0000
    6.8914   21.0000
    6.8967   21.0000
    6.9020   21.0000
    6.9073   21.0000
    6.9126   21.0000
    6.9179   21.0000
    6.9232   21.0000
    6.9285   21.0000
    6.9339   21.0000
    6.9392   21.0000
    6.9445   21.0000
    6.9498   21.0000
    6.9551   21.0000
    6.9604   21.0000
    6.9657   21.0000
    6.9710   21.0000
    6.9763   21.0000
    6.9816   21.0000
    6.9869   21.0000
    6.9922   21.0000
    6.9975   21.0000
    7.0028   20.8667
    7.0081   20.6667
    7.0134   20.4667
    7.0187   20.3333
    7.0240   20.2667
    7.0293   20.2667
    7.0346   20.2000
    7.0400   20.1333
    7.0453   20.0000
    7.0506   19.8667
    7.0559   19.8667
    7.0612   19.8667
    7.0665   19.8667
    7.0718   19.8667
    7.0771   19.8000
    7.0824   19.8000
    7.0877   20.0000
    7.0930   20.2000
    7.0983   20.2667
    7.1036   20.3333
    7.1089   20.2000
    7.1142   20.0667
    7.1195   19.9333
    7.1248   19.9333
    7.1301   19.9333
    7.1354   19.8000
    7.1408   19.6000
    7.1461   19.3333
    7.1514   19.1333
    7.1567   19.0000
    7.1620   19.0000
    7.1673   18.8667
    7.1726   18.6667
    7.1779   18.5333
    7.1832   18.3333
    7.1885   18.2667
    7.1938   18.2667
    7.1991   18.2667
    7.2044   18.2000
    7.2097   18.1333
    7.2150   18.0667
    7.2203   18.0667
    7.2256   18.0000
    7.2309   17.8667
    7.2362   17.7333
    7.2415   17.5333
    7.2469   17.3333
    7.2522   17.2000
    7.2575   17.0667
    7.2628   16.9333
    7.2681   16.8000
    7.2734   16.6667
    7.2787   16.5333
    7.2840   16.4667
    7.2893   16.4000
    7.2946   16.4000
    7.2999   16.4000
    7.3052   16.5333
    7.3105   16.6000
    7.3158   16.7333
    7.3211   16.9333
    7.3264   17.2000
    7.3317   17.4667
    7.3370   17.6667
    7.3423   17.8667
    7.3477   18.0000
    7.3530   18.1333
    7.3583   18.3333
    7.3636   18.5333
    7.3689   18.7333
    7.3742   18.8000
    7.3795   18.8667
    7.3848   18.9333
    7.3901   19.0667
    7.3954   19.1333
    7.4007   19.1333
    7.4060   19.0667
    7.4113   19.0000
    7.4166   19.0000
    7.4219   19.0000
    7.4272   19.0667
    7.4325   19.1333
    7.4378   19.0667
    7.4431   18.9333
    7.4485   18.7333
    7.4538   18.6000
    7.4591   18.5333
    7.4644   18.4667
    7.4697   18.4000
    7.4750   18.3333
    7.4803   18.2667
    7.4856   18.2000
    7.4909   18.1333
    7.4962   18.2000
    7.5015   18.2000
    7.5068   18.1333
    7.5121   18.0000
    7.5174   17.9333
    7.5227   17.9333
    7.5280   18.0000
    7.5333   18.0667
    7.5386   18.0667
    7.5439   18.0667
    7.5492   18.0667
    7.5546   18.0667
    7.5599   18.0667
    7.5652   18.2000
    7.5705   18.2667
    7.5758   18.0667
    7.5811   17.9333
    7.5864   17.9333
    7.5917   18.0667
    7.5970   18.2000
    7.6023   18.2667
    7.6076   18.2667
    7.6129   18.2000
    7.6182   18.2000
    7.6235   18.2000
    7.6288   18.2667
    7.6341   18.2667
    7.6394   18.2000
    7.6447   18.0000
    7.6500   17.8667
    7.6554   17.8667
    7.6607   17.9333
    7.6660   17.9333
    7.6713   17.8000
    7.6766   17.6000
    7.6819   17.4000
    7.6872   17.2000
    7.6925   17.0667
    7.6978   16.9333
    7.7031   16.7333
    7.7084   16.4667
    7.7137   16.3333
    7.7190   16.2667
    7.7243   16.2667
    7.7296   16.4000
    7.7349   16.4667
    7.7402   16.4000
    7.7455   16.3333
    7.7508   16.4667
    7.7562   16.6667
    7.7615   16.8000
    7.7668   17.1333
    7.7721   17.4000
    7.7774   17.6667
    7.7827   18.0000
    7.7880   18.3333
    7.7933   18.6000
    7.7986   18.8667
    7.8039   19.0667
    7.8092   19.1333
    7.8145   19.2000
    7.8198   19.4000
    7.8251   19.6000
    7.8304   19.6667
    7.8357   19.7333
    7.8410   19.8000
    7.8463   19.7333
    7.8516   19.7333
    7.8569   19.7333
    7.8623   19.7333
    7.8676   19.7333
    7.8729   19.7333
    7.8782   19.7333
    7.8835   19.7333
    7.8888   19.7333
    7.8941   19.8000
    7.8994   19.8000
    7.9047   19.8667
    7.9100   19.7333
    7.9153   19.6000
    7.9206   19.5333
    7.9259   19.5333
    7.9312   19.6000
    7.9365   19.4667
    7.9418   19.3333
    7.9471   19.2667
    7.9524   19.1333
    7.9577   19.0667
    7.9631   19.0000
    7.9684   18.9333
    7.9737   18.8667
    7.9790   18.8000
    7.9843   18.6667
    7.9896   18.7333
    7.9949   18.8667
    8.0002   19.0667
    8.0055   19.1333
    8.0108   19.1333
    8.0161   19.2667
    8.0214   19.4667
    8.0267   19.6000
    8.0320   19.8000
    8.0373   19.9333
    8.0426   20.0667
    8.0479   20.2000
    8.0532   20.3333
    8.0585   20.4667
    8.0639   20.6000
    8.0692   20.6667
    8.0745   20.6000
    8.0798   20.4000
    8.0851   20.2667
    8.0904   20.2000
    8.0957   20.1333
    8.1010   20.0000
    8.1063   19.8667
    8.1116   19.6667
    8.1169   19.5333
    8.1222   19.3333
    8.1275   19.2000
    8.1328   19.0667
    8.1381   18.9333
    8.1434   18.7333
    8.1487   18.6000
    8.1540   18.5333
    8.1593   18.5333
    8.1646   18.6000
    8.1700   18.6000
    8.1753   18.6000
    8.1806   18.6000
    8.1859   18.6000
    8.1912   18.7333
    8.1965   18.8667
    8.2018   19.0000
    8.2071   19.0667
    8.2124   19.0667
    8.2177   19.0667
    8.2230   19.1333
    8.2283   19.3333
    8.2336   19.5333
    8.2389   19.7333
    8.2442   19.8667
    8.2495   19.8667
    8.2548   19.8667
    8.2601   20.0000
    8.2654   20.1333
    8.2708   20.2000
    8.2761   20.0667
    8.2814   19.9333
    8.2867   19.8000
    8.2920   19.7333
    8.2973   19.6667
    8.3026   19.6000
    8.3079   19.3333
    8.3132   19.0667
    8.3185   18.8000
    8.3238   18.5333
    8.3291   18.4000
    8.3344   18.2667
    8.3397   18.0000
    8.3450   17.7333
    8.3503   17.4667
    8.3556   17.3333
    8.3609   17.3333
    8.3662   17.3333
    8.3716   17.4000
    8.3769   17.4000
    8.3822   17.4000
    8.3875   17.4000
    8.3928   17.4667
    8.3981   17.6000
    8.4034   17.7333
    8.4087   17.7333
    8.4140   17.8000
    8.4193   17.8667
    8.4246   17.9333
    8.4299   18.0667
    8.4352   18.2000
    8.4405   18.2000
    8.4458   18.2000
    8.4511   18.1333
    8.4564   18.1333
    8.4617   18.1333
    8.4670   18.3333
    8.4723   18.4667
    8.4777   18.5333
    8.4830   18.6000
    8.4883   18.6667
    8.4936   18.6667
    8.4989   18.8000
    8.5042   18.9333
    8.5095   18.9333
    8.5148   19.0000
    8.5201   19.0000
    8.5254   19.0000
    8.5307   18.9333
    8.5360   18.8667
    8.5413   18.7333
    8.5466   18.4667
    8.5519   18.2000
    8.5572   18.1333
    8.5625   18.0000
    8.5678   18.0000
    8.5731   18.0000
    8.5785   17.8667
    8.5838   17.7333
    8.5891   17.7333
    8.5944   17.6667
    8.5997   17.7333
    8.6050   17.8000
    8.6103   17.9333
    8.6156   18.0667
    8.6209   18.2667
    8.6262   18.4667
    8.6315   18.6667
    8.6368   18.6667
    8.6421   18.6667
    8.6474   18.6667
    8.6527   18.6667
    8.6580   18.8000
    8.6633   18.9333
    8.6686   19.0000
    8.6739   19.0000
    8.6792   19.0000
    8.6846   19.0000
    8.6899   19.0000
    8.6952   19.0000
    8.7005   19.0000
    8.7058   19.0000
    8.7111   19.0000
    8.7164   19.0000
    8.7217   19.0667
    8.7270   19.1333
    8.7323   19.2000
    8.7376   19.1333
    8.7429   19.0667
    8.7482   19.0000
    8.7535   19.0000
    8.7588   19.0667
    8.7641   19.1333
    8.7694   19.2000
    8.7747   19.2000
    8.7800   19.2000
    8.7854   19.2000
    8.7907   19.2000
    8.7960   19.2667
    8.8013   19.3333
    8.8066   19.3333
    8.8119   19.3333
    8.8172   19.3333
    8.8225   19.3333
    8.8278   19.4000
    8.8331   19.4667
    8.8384   19.4667
    8.8437   19.4000
    8.8490   19.2667
    8.8543   19.2667
    8.8596   19.3333
    8.8649   19.4000
    8.8702   19.4667
    8.8755   19.4667
    8.8808   19.4667
    8.8862   19.5333
    8.8915   19.6000
    8.8968   19.6667
    8.9021   19.7333
    8.9074   19.7333
    8.9127   19.6667
    8.9180   19.6667
    8.9233   19.7333
    8.9286   19.8000
    8.9339   19.8000
    8.9392   19.7333
    8.9445   19.6667
    8.9498   19.6000
    8.9551   19.5333
    8.9604   19.4667
    8.9657   19.4000
    8.9710   19.3333
    8.9763   19.2667
    8.9816   19.2000
    8.9869   19.1333
    8.9923   19.1333
    8.9976   19.0667
    9.0029   19.0000
    9.0082   19.0000
    9.0135   19.0000
    9.0188   18.9333
    9.0241   18.8667
    9.0294   18.8000
    9.0347   18.7333
    9.0400   18.6667
    9.0453   18.6000
    9.0506   18.5333
    9.0559   18.4667
    9.0612   18.4000
    9.0665   18.3333
    9.0718   18.2667
    9.0771   18.0667
    9.0824   17.8667
    9.0877   17.7333
    9.0931   17.6000
    9.0984   17.5333
    9.1037   17.4667
    9.1090   17.3333
    9.1143   17.2000
    9.1196   17.1333
    9.1249   17.1333
    9.1302   17.1333
    9.1355   17.1333
    9.1408   17.1333
    9.1461   17.0667
    9.1514   17.0000
    9.1567   17.0667
    9.1620   17.1333
    9.1673   17.1333
    9.1726   17.1333
    9.1779   17.1333
    9.1832   17.1333
    9.1885   17.2000
    9.1939   17.3333
    9.1992   17.4000
    9.2045   17.4000
    9.2098   17.3333
    9.2151   17.2667
    9.2204   17.2000
    9.2257   17.2000
    9.2310   17.2000
    9.2363   17.2000
    9.2416   17.1333
    9.2469   17.0667
    9.2522   17.0000
    9.2575   17.0000
    9.2628   17.0000
    9.2681   17.0000
    9.2734   16.9333
    9.2787   16.8000
    9.2840   16.6667
    9.2893   16.6667
    9.2946   16.7333
    9.3000   16.8000
    9.3053   16.8667
    9.3106   16.8667
    9.3159   16.9333
    9.3212   17.0667
    9.3265   17.3333
    9.3318   17.6000
    9.3371   17.7333
    9.3424   17.8000
    9.3477   17.8000
    9.3530   17.8000
    9.3583   17.9333
    9.3636   18.0667
    9.3689   18.1333
    9.3742   18.0667
    9.3795   18.0667
    9.3848   18.0667
    9.3901   18.1333
    9.3954   18.2000
    9.4008   18.2667
    9.4061   18.0000
    9.4114   17.7333
    9.4167   17.5333
    9.4220   17.4000
    9.4273   17.4667
    9.4326   17.5333
    9.4379   17.5333
    9.4432   17.4667
    9.4485   17.4000
    9.4538   17.4000
    9.4591   17.3333
    9.4644   17.3333
    9.4697   17.3333
    9.4750   17.2667
    9.4803   17.2000
    9.4856   17.3333
    9.4909   17.4667
    9.4962   17.6000
    9.5016   17.7333
    9.5069   17.7333
    9.5122   17.6667
    9.5175   17.6000
    9.5228   17.6000
    9.5281   17.6667
    9.5334   17.7333
    9.5387   17.8000
    9.5440   17.8000
    9.5493   17.8000