         0         0
    0.0264         0
    0.0275    3.8145
    0.0286    6.3891
    0.0297    9.6055
    0.0308   13.2256
    0.0318   17.3587
    0.0329   21.7655
    0.0340   25.9916
    0.0351   30.0483
    0.0360   33.3824
    0.0371   36.2126
    0.0382   39.3443
    0.0393   41.9597
    0.0402   44.2724
    0.0414   46.2847
    0.0425   48.1846
    0.0436   50.0683
    0.0445   51.3740
    0.0456   52.2080
    0.0467   52.8576
    0.0478   53.0825
    0.0487   52.1511
    0.0498   51.3037
    0.0509   50.3441
    0.0521   49.1044
    0.0530   47.3699
    0.0541   45.4554
    0.0552   44.0781
    0.0563   42.8501
    0.0574   41.7331
    0.0583   40.9458
    0.0594   40.5278
    0.0605   40.2149
    0.0617   40.0487
    0.0626   39.9517
    0.0637   39.5950
    0.0648   39.1499
    0.0659   38.4660
    0.0668   37.6267
    0.0679   36.9231
    0.0690   36.3958
    0.0701   36.1762
    0.0711   36.5175
    0.0722   37.0675
    0.0733   37.9648
    0.0744   38.9850
    0.0753   40.1456
    0.0764   41.0902
    0.0775   42.2801
    0.0786   43.5514
    0.0796   44.7392
    0.0807   46.0056
    0.0818   47.1524
    0.0829   48.8213
    0.0838   50.7100
    0.0849   52.7345
    0.0860   54.9856
    0.0871   57.2202
    0.0882   59.0420
    0.0892   60.4258
    0.0903   61.5781
    0.0914   62.1078
    0.0934   62.2407
    0.0945   61.5787
    0.0956   60.5519
    0.0967   59.4053
    0.0977   57.9633
    0.0988   56.9047
    0.0999   55.8984
    0.1010   55.1644
    0.1019   54.4442
    0.1030   53.9301
    0.1041   53.5439
    0.1052   53.7959
    0.1061   54.2205
    0.1073   55.1033
    0.1084   56.2112
    0.1095   57.6721
    0.1104   59.0796
    0.1115   60.5077
    0.1126   61.7579
    0.1137   62.9237
    0.1148   63.7991
    0.1157   64.6609
    0.1169   65.6320
    0.1180   66.6968
    0.1191   67.7538
    0.1200   68.5792
    0.1211   69.6933
    0.1222   70.3125
    0.1233   70.3206
    0.1242   69.7887
    0.1253   68.9591
    0.1265   67.7140
    0.1276   66.4785
    0.1285   65.1904
    0.1296   64.2955
    0.1307   63.6276
    0.1318   63.0023
    0.1327   62.6826
    0.1338   62.6632
    0.1349   62.6092
    0.1381   62.5339
    0.1392   62.5414
    0.1403   62.7211
    0.1412   63.0059
    0.1423   63.3493
    0.1434   63.6464
    0.1445   64.0219
    0.1456   64.4273
    0.1466   65.1420
    0.1477   65.7578
    0.1488   66.4360
    0.1499   66.8021
    0.1508   66.9965
    0.1519   66.9782
    0.1530   66.7184
    0.1541   66.4248
    0.1551   65.9284
    0.1562   65.4464
    0.1573   64.6949
    0.1584   64.0758
    0.1593   63.4435
    0.1604   62.8405
    0.1615   61.8756
    0.1626   60.8229
    0.1636   59.6367
    0.1647   58.4538
    0.1658   57.4357
    0.1669   56.5584
    0.1678   55.8129
    0.1689   54.9822
    0.1700   54.2134
    0.1711   53.5261
    0.1722   53.0915
    0.1732   52.9546
    0.1743   53.1321
    0.1754   53.6866
    0.1765   54.6763
    0.1774   55.8447
    0.1785   57.4715
    0.1796   59.3931
    0.1807   61.2188
    0.1816   62.9655
    0.1828   64.6901
    0.1839   66.3599
    0.1839   67.9540
    0.1850   69.5459
    0.1859   70.8726
    0.1870   72.2209
    0.1881   73.1760
    0.1892   74.0017
    0.1901   74.5962
    0.1912   75.0354
    0.1924   75.1141
    0.1935   75.3229
    0.1944   75.4445
    0.1955   75.2828
    0.1966   74.9578
    0.1977   74.4412
    0.1986   73.6387
    0.1997   72.6939
    0.2008   71.7353
    0.2020   70.7879
    0.2031   69.9879
    0.2040   69.1384
    0.2051   68.7106
    0.2062   68.5379
    0.2073   68.4385
    0.2082   68.2530
    0.2093   68.2026
    0.2104   67.9439
    0.2116   67.6809
    0.2125   67.3717
    0.2136   67.1656
    0.2147   67.1039
    0.2158   66.9800
    0.2167   67.0288
    0.2178   67.1582
    0.2189   67.2547
    0.2200   67.1857
    0.2210   67.2503
    0.2243   67.3190
    0.2252   67.4364
    0.2263   67.3006
    0.2274   67.0408
    0.2285   66.7625
    0.2296   66.0157
    0.2306   65.1076
    0.2317   64.0114
    0.2328   62.8539
    0.2339   61.7242
    0.2348   60.7066
    0.2359   59.9593
    0.2370   59.5222
    0.2381   59.3200
    0.2391   59.2811
    0.2402   59.6000
    0.2413   59.7519
    0.2424   59.9740
    0.2433   60.0350
    0.2444   60.0349
    0.2455   60.1231
    0.2466   60.3741
    0.2475   60.9009
    0.2487   61.3553
    0.2498   61.9238
    0.2509   62.4588
    0.2518   63.1950
    0.2529   63.6918
    0.2540   64.0748
    0.2551   64.2148
    0.2560   64.2866
    0.2571   64.3095
    0.2583   64.2335
    0.2594   64.1178
    0.2605   63.8948
    0.2614   63.6217
    0.2625   63.1689
    0.2636   62.5695
    0.2656   61.9786
    0.2667   61.3942
    0.2679   60.8367
    0.2690   60.2951
    0.2699   60.0422
    0.2710   59.9431
    0.2721   59.8986
    0.2732   59.9742
    0.2741   60.3011
    0.2752   60.7072
    0.2763   60.9941
    0.2775   61.1731
    0.2784   61.2017
    0.2795   61.2110
    0.2806   60.9100
    0.2817   60.4190
    0.2826   59.9174
    0.2837   59.1820
    0.2848   58.3205
    0.2859   57.5248
    0.2871   56.7386
    0.2880   55.8925
    0.2891   55.1881
    0.2902   54.4446
    0.2913   53.9196
    0.2922   53.5025
    0.2933   53.0785
    0.2944   52.8061
    0.2955   52.5730
    0.2965   52.2944
    0.2987   52.0425
    0.2998   51.8835
    0.3007   51.6703
    0.3018   51.6940
    0.3029   51.7224
    0.3040   51.9075
    0.3050   52.1486
    0.3061   52.3463
    0.3072   52.5000
    0.3083   52.6617
    0.3103   52.6157
    0.3114   52.4441
    0.3157   52.3136
    0.3168   52.0536
    0.3179   51.8575
    0.3188   51.6662
    0.3199   51.4622
    0.3210   51.2871
    0.3221   51.1301
    0.3230   50.8389
    0.3242   50.6443
    0.3253   50.4251
    0.3264   50.0843
    0.3273   49.7041
    0.3284   49.3894
    0.3295   48.9780
    0.3306   48.5702
    0.3315   48.3193
    0.3326   48.0707
    0.3338   48.0871
    0.3349   48.1542
    0.3358   48.4014
    0.3369   48.8938
    0.3380   49.6299
    0.3391   50.4167
    0.3400   51.3656
    0.3411   52.2762
    0.3422   53.1914
    0.3434   53.9759
    0.3465   54.6237
    0.3476   55.1596
    0.3487   55.6218
    0.3496   55.8919
    0.3507   56.1172
    0.3518   56.1979
    0.3530   56.1827
    0.3539   56.1273
    0.3550   55.8004
    0.3561   55.4812
    0.3572   54.8931
    0.3581   54.2600
    0.3592   53.5727
    0.3603   53.0874
    0.3614   52.6686
    0.3624   52.4874
    0.3635   52.7590
    0.3646   53.2325
    0.3657   53.8002
    0.3677   54.4280
    0.3688   55.1535
    0.3699   55.8026
    0.3709   56.2541
    0.3720   56.3190
    0.3731   56.4176
    0.3742   56.4345
    0.3753   56.3573
    0.3762   56.4106
    0.3773   56.6991
    0.3784   57.0639
    0.3795   57.4120
    0.3805   57.7813
    0.3816   58.1214
    0.3847   58.5733
    0.3858   58.7745
    0.3869   58.9308
    0.3880   59.0589
    0.3890   59.2196
    0.3901   59.3654
    0.3923   59.6074
    0.3932   59.8266
    0.3943   60.1200
    0.3954   60.4258
    0.3965   60.6681
    0.3974   60.9863
    0.3986   61.3395
    0.3997   61.6431
    0.4008   62.0783
    0.4019   62.5885
    0.4028   63.0869
    0.4039   63.7226
    0.4050   64.3706
    0.4061   65.0980
    0.4093   65.7807
    0.4104   66.2888
    0.4113   66.7340
    0.4166   67.0802
    0.4177   67.2263
    0.4189   67.2182
    0.4198   67.2204
    0.4231   67.1345
    0.4240   66.9053
    0.4251   66.5777
    0.4262   66.1732
    0.4273   65.7694
    0.4283   65.2803
    0.4294   64.7237
    0.4305   64.3481
    0.4316   64.0637
    0.4327   63.8714
    0.4336   63.8122
    0.4347   63.9330
    0.4358   64.1066
    0.4369   64.2320
    0.4379   64.3427
    0.4390   64.4031
    0.4401   64.6030
    0.4412   64.7080
    0.4421   64.9383
    0.4443   65.1931
    0.4454   65.4275
    0.4464   65.6350
    0.4475   65.7390
    0.4497   65.8010
    0.4506   65.5362
    0.4517   65.0561
    0.4528   64.4158
    0.4539   63.7341
    0.4549   62.9551
    0.4560   62.1124
    0.4571   61.3076
    0.4582   60.4496
    0.4593   59.7241
    0.4602   58.9814
    0.4613   58.4144
    0.4624   57.8934
    0.4635   57.4177
    0.4645   57.0271
    0.4656   56.7987
    0.4667   56.7682
    0.4678   56.8112
    0.4720   56.9745
    0.4729   57.2840
    0.4741   57.7180
    0.4752   58.1735
    0.4763   58.6700
    0.4772   59.0574
    0.4783   59.3679
    0.4794   59.4622
    0.4805   59.5640
    0.4814   59.5733
    0.4837   59.4597
    0.4848   59.2814
    0.4857   59.1490
    0.4868   59.0433
    0.4879   59.1575
    0.4890   59.3153
    0.4901   59.4838
    0.4910   59.7690
    0.4921   59.9415
    0.4932   60.1494
    0.4944   60.2414
    0.4953   60.2723
    0.4964   60.1941
    0.4975   60.0617
    0.5   60.0617