    0.0743   63.7500
    0.0796   63.7500
    0.0849   63.7500
    0.0902   63.7500
    0.0955   63.7500
    0.1008   63.7500
    0.1061   63.7500
    0.1114   63.7500
    0.1167   63.7500
    0.1220   63.7500
    0.1273   63.7500
    0.1326   63.7500
    0.1379   63.7500
    0.1432   63.7500
    0.1485   63.7500
    0.1538   63.7500
    0.1592   63.7500
    0.1645   63.7500
    0.1698   63.7500
    0.1751   63.7500
    0.1804   63.7500
    0.1857   63.7500
    0.1910   63.7500
    0.1963   63.7500
    0.2016   63.7500
    0.2069   63.7500
    0.2122   63.7500
    0.2175   63.7500
    0.2228   63.7500
    0.2281   63.7500
    0.2334   63.7500
    0.2387   63.7500
    0.2440   63.7500
    0.2493   63.7500
    0.2546   63.7500
    0.2600   63.7500
    0.2653   63.7500
    0.2706   63.7500
    0.2759   63.7500
    0.2812   63.7500
    0.2865   63.7500
    0.2918   63.7500
    0.2971   63.7500
    0.3024   63.7500
    0.3077   63.7500
    0.3130   63.7500
    0.3183   63.7500
    0.3236   63.7500
    0.3289   63.7500
    0.3342   63.7500
    0.3395   63.7500
    0.3448   63.7500
    0.3501   63.7500
    0.3554   63.7500
    0.3608   63.7500
    0.3661   63.7500
    0.3714   63.7500
    0.3767   63.7500
    0.3820   63.7500
    0.3873   63.7500
    0.3926   63.7500
    0.3979   63.7500
    0.4032   63.7500
    0.4085   63.7500
    0.4138   63.7500
    0.4191   63.7500
    0.4244   63.7500
    0.4297   63.7500
    0.4350   63.7500
    0.4403   63.7500
    0.4456   63.7500
    0.4509   63.7500
    0.4562   63.7500
    0.4615   63.7500
    0.4669   63.7500
    0.4722   63.7500
    0.4775   63.7500
    0.4828   63.7500
    0.4881   63.7500
    0.4934   63.7500
    0.4987   63.7500
    0.5040   63.7500
    0.5093   63.7500
    0.5146   63.6833
    0.5199   63.6167
    0.5252   63.5500
    0.5305   63.4833
    0.5358   63.4167
    0.5411   63.3500
    0.5464   63.2833
    0.5517   63.2167
    0.5570   63.1500
    0.5623   63.0833
    0.5677   63.0167
    0.5730   62.9500
    0.5783   62.8833
    0.5836   62.8167
    0.5889   62.7500
    0.5942   62.7500
    0.5995   62.7500
    0.6048   62.7500
    0.6101   62.7500
    0.6154   62.7500
    0.6207   62.8167
    0.6260   62.8833
    0.6313   62.9500
    0.6366   62.9500
    0.6419   62.9500
    0.6472   62.9500
    0.6525   62.9500
    0.6578   62.9500
    0.6631   62.9500
    0.6685   62.8833
    0.6738   62.8167
    0.6791   62.7500
    0.6844   62.6833
    0.6897   62.6167
    0.6950   62.5500
    0.7003   62.4167
    0.7056   62.2833
    0.7109   62.1500
    0.7162   62.1500
    0.7215   62.1500
    0.7268   62.1500
    0.7321   62.1500
    0.7374   62.1500
    0.7427   62.1500
    0.7480   62.2167
    0.7533   62.2167
    0.7586   62.2167
    0.7639   62.1500
    0.7692   62.0833
    0.7746   62.0167
    0.7799   61.9500
    0.7852   61.8833
    0.7905   61.8167
    0.7958   61.6833
    0.8011   61.5500
    0.8064   61.4167
    0.8117   61.2833
    0.8170   61.1500
    0.8223   61.0167
    0.8276   60.8167
    0.8329   60.6833
    0.8382   60.5500
    0.8435   60.4833
    0.8488   60.4167
    0.8541   60.3500
    0.8594   60.2167
    0.8647   60.0833
    0.8700   59.9500
    0.8754   59.8167
    0.8807   59.6167
    0.8860   59.4167
    0.8913   59.2167
    0.8966   59.0167
    0.9019   58.8833
    0.9072   58.8833
    0.9125   58.8833
    0.9178   58.9500
    0.9231   58.9500
    0.9284   59.0167
    0.9337   59.0833
    0.9390   59.2167
    0.9443   59.3500
    0.9496   59.4833
    0.9549   59.6167
    0.9602   59.8167
    0.9655   60.0167
    0.9708   60.2167
    0.9762   60.4167
    0.9815   60.5500
    0.9868   60.6167
    0.9921   60.6833
    0.9974   60.6167
    1.0027   60.6167
    1.0080   60.5500
    1.0133   60.4833
    1.0186   60.4167
    1.0239   60.3500
    1.0292   60.2167
    1.0345   60.0833
    1.0398   59.9500
    1.0451   59.7500
    1.0504   59.5500
    1.0557   59.3500
    1.0610   59.1500
    1.0663   58.9500
    1.0716   58.7500
    1.0769   58.5500
    1.0823   58.2833
    1.0876   58.0167
    1.0929   57.7500
    1.0982   57.4167
    1.1035   57.0167
    1.1088   56.6833
    1.1141   56.3500
    1.1194   56.0167
    1.1247   55.7500
    1.1300   55.4833
    1.1353   55.2167
    1.1406   54.9500
    1.1459   54.6833
    1.1512   54.4167
    1.1565   54.2167
    1.1618   54.0833
    1.1671   53.9500
    1.1724   53.8833
    1.1777   53.8833
    1.1831   53.9500
    1.1884   54.0167
    1.1937   54.0833
    1.1990   54.0833
    1.2043   54.0833
    1.2096   53.9500
    1.2149   53.8167
    1.2202   53.6833
    1.2255   53.5500
    1.2308   53.4833
    1.2361   53.4167
    1.2414   53.3500
    1.2467   53.2833
    1.2520   53.1500
    1.2573   53.0167
    1.2626   52.8833
    1.2679   52.7500
    1.2732   52.6167
    1.2785   52.5500
    1.2838   52.4833
    1.2892   52.6167
    1.2945   52.7500
    1.2998   52.8833
    1.3051   53.0167
    1.3104   53.0833
    1.3157   53.0833
    1.3210   53.0833
    1.3263   53.0833
    1.3316   53.0833
    1.3369   53.0833
    1.3422   53.0833
    1.3475   53.0167
    1.3528   52.9500
    1.3581   52.8833
    1.3634   52.8167
    1.3687   52.6833
    1.3740   52.5500
    1.3793   52.4167
    1.3846   52.2833
    1.3900   52.1500
    1.3953   52.0167
    1.4006   51.8833
    1.4059   51.7500
    1.4112   51.6167
    1.4165   51.4167
    1.4218   51.2167
    1.4271   51.0167
    1.4324   50.8167
    1.4377   50.6167
    1.4430   50.4167
    1.4483   50.2167
    1.4536   50.0167
    1.4589   49.8167
    1.4642   49.7500
    1.4695   49.6833
    1.4748   49.6833
    1.4801   49.6833
    1.4854   49.6833
    1.4908   49.6833
    1.4961   49.7500
    1.5014   49.8167
    1.5067   49.9500
    1.5120   50.2167
    1.5173   50.5500
    1.5226   50.8833
    1.5279   51.2167
    1.5332   51.5500
    1.5385   51.8833
    1.5438   52.0833
    1.5491   52.2833
    1.5544   52.4833
    1.5597   52.8167
    1.5650   53.1500
    1.5703   53.4833
    1.5756   53.8167
    1.5809   54.1500
    1.5862   54.4167
    1.5915   54.5500
    1.5969   54.6167
    1.6022   54.6833
    1.6075   54.7500
    1.6128   54.8167
    1.6181   54.9500
    1.6234   55.0833
    1.6287   55.2167
    1.6340   55.3500
    1.6393   55.3500
    1.6446   55.3500
    1.6499   55.2833
    1.6552   55.1500
    1.6605   55.0167
    1.6658   54.9500
    1.6711   54.8833
    1.6764   54.8167
    1.6817   54.7500
    1.6870   54.6833
    1.6923   54.6167
    1.6977   54.4833
    1.7030   54.3500
    1.7083   54.1500
    1.7136   53.9500
    1.7189   53.7500
    1.7242   53.5500
    1.7295   53.4833
    1.7348   53.4833
    1.7401   53.4833
    1.7454   53.4833
    1.7507   53.4833
    1.7560   53.4833
    1.7613   53.4833
    1.7666   53.4833
    1.7719   53.4833
    1.7772   53.4833
    1.7825   53.4833
    1.7878   53.5500
    1.7931   53.6167
    1.7985   53.8167
    1.8038   54.0167
    1.8091   54.0833
    1.8144   54.1500
    1.8197   54.2167
    1.8250   54.2833
    1.8303   54.3500
    1.8356   54.4167
    1.8409   54.4833
    1.8462   54.4833
    1.8515   54.4833
    1.8568   54.4167
    1.8621   54.2833
    1.8674   54.1500
    1.8727   54.0167
    1.8780   53.6833
    1.8833   53.2833
    1.8886   53.0167
    1.8939   52.7500
    1.8992   52.4167
    1.9046   52.0833
    1.9099   51.7500
    1.9152   51.4167
    1.9205   51.0833
    1.9258   50.8167
    1.9311   50.5500
    1.9364   50.3500
    1.9417   50.2167
    1.9470   50.0833
    1.9523   49.9500
    1.9576   49.8833
    1.9629   49.8833
    1.9682   49.8167
    1.9735   49.7500
    1.9788   49.7500
    1.9841   49.7500
    1.9894   49.7500
    1.9947   49.7500
    2.0000   49.7500
    2.0054   49.7500
    2.0107   49.7500
    2.0160   49.7500
    2.0213   49.7500
    2.0266   49.7500
    2.0319   49.7500
    2.0372   49.7500
    2.0425   49.7500
    2.0478   49.7500
    2.0531   49.7500
    2.0584   49.7500
    2.0637   49.7500
    2.0690   49.8167
    2.0743   49.8833
    2.0796   49.9500
    2.0849   50.0167
    2.0902   50.0167
    2.0955   50.0167
    2.1008   50.0167
    2.1062   50.0167
    2.1115   50.0167
    2.1168   50.0167
    2.1221   50.0167
    2.1274   50.0167
    2.1327   50.0167
    2.1380   50.0167
    2.1433   50.0167
    2.1486   49.9500
    2.1539   49.8833
    2.1592   49.8167
    2.1645   49.7500
    2.1698   49.7500
    2.1751   49.7500
    2.1804   49.7500
    2.1857   49.7500
    2.1910   49.7500
    2.1963   49.7500
    2.2016   49.7500
    2.2069   49.7500
    2.2123   49.7500
    2.2176   49.7500
    2.2229   49.7500
    2.2282   49.7500
    2.2335   49.7500
    2.2388   49.7500
    2.2441   49.7500
    2.2494   49.7500
    2.2547   49.7500
    2.2600   49.7500
    2.2653   49.7500
    2.2706   49.7500
    2.2759   49.7500
    2.2812   49.7500
    2.2865   49.7500
    2.2918   49.7500
    2.2971   49.7500
    2.3024   49.7500
    2.3077   49.7500
    2.3131   49.7500
    2.3184   49.7500
    2.3237   49.6833
    2.3290   49.6167
    2.3343   49.5500
    2.3396   49.4833
    2.3449   49.4167
    2.3502   49.3500
    2.3555   49.2833
    2.3608   49.2167
    2.3661   49.0833
    2.3714   48.9500
    2.3767   48.8167
    2.3820   48.6833
    2.3873   48.5500
    2.3926   48.4167
    2.3979   48.2833
    2.4032   48.2167
    2.4085   48.1500
    2.4138   48.0833
    2.4192   48.0167
    2.4245   47.9500
    2.4298   47.8833
    2.4351   47.8167
    2.4404   47.7500
    2.4457   47.7500
    2.4510   47.8167
    2.4563   47.8833
    2.4616   47.9500
    2.4669   48.0167
    2.4722   48.0833
    2.4775   48.1500
    2.4828   48.2167
    2.4881   48.2833
    2.4934   48.4167
    2.4987   48.6167
    2.5040   48.8167
    2.5093   49.0167
    2.5146   49.2167
    2.5200   49.4167
    2.5253   49.6167
    2.5306   49.8167
    2.5359   50.0167
    2.5412   50.2167
    2.5465   50.4167
    2.5518   50.6167
    2.5571   50.8167
    2.5624   51.0167
    2.5677   51.2167
    2.5730   51.3500
    2.5783   51.4167
    2.5836   51.4833
    2.5889   51.5500
    2.5942   51.6167
    2.5995   51.6833
    2.6048   51.7500
    2.6101   51.7500
    2.6154   51.8167
    2.6208   51.8833
    2.6261   51.9500
    2.6314   52.0167
    2.6367   52.0833
    2.6420   52.1500
    2.6473   52.1500
    2.6526   52.0833
    2.6579   52.0167
    2.6632   51.9500
    2.6685   51.8833
    2.6738   51.8167
    2.6791   51.7500
    2.6844   51.6833
    2.6897   51.6167
    2.6950   51.4833
    2.7003   51.3500
    2.7056   51.2167
    2.7109   51.0833
    2.7162   50.9500
    2.7215   50.8167
    2.7269   50.7500
    2.7322   50.7500
    2.7375   50.7500
    2.7428   50.7500
    2.7481   50.7500
    2.7534   50.7500
    2.7587   50.7500
    2.7640   50.7500
    2.7693   50.7500
    2.7746   50.7500
    2.7799   50.7500
    2.7852   50.7500
    2.7905   50.7500
    2.7958   50.7500
    2.8011   50.7500
    2.8064   50.7500
    2.8117   50.7500
    2.8170   50.8167
    2.8223   50.8833
    2.8277   50.9500
    2.8330   51.0167
    2.8383   51.0833
    2.8436   51.1500
    2.8489   51.2167
    2.8542   51.2833
    2.8595   51.3500
    2.8648   51.4167
    2.8701   51.4833
    2.8754   51.5500
    2.8807   51.5500
    2.8860   51.5500
    2.8913   51.5500
    2.8966   51.4833
    2.9019   51.4167
    2.9072   51.3500
    2.9125   51.2833
    2.9178   51.2167
    2.9231   51.1500
    2.9285   51.0833
    2.9338   51.0167
    2.9391   50.9500
    2.9444   50.8833
    2.9497   50.8167
    2.9550   50.7500
    2.9603   50.7500
    2.9656   50.7500
    2.9709   50.7500
    2.9762   50.7500
    2.9815   50.7500
    2.9868   50.7500
    2.9921   50.7500
    2.9974   50.7500
    3.0027   50.7500
    3.0080   50.7500
    3.0133   50.7500
    3.0186   50.7500
    3.0239   50.7500
    3.0292   50.7500
    3.0346   50.7500
    3.0399   50.7500
    3.0452   50.7500
    3.0505   50.6833
    3.0558   50.6167
    3.0611   50.5500
    3.0664   50.4833
    3.0717   50.4167
    3.0770   50.3500
    3.0823   50.2833
    3.0876   50.2167
    3.0929   50.1500
    3.0982   50.0833
    3.1035   50.0167
    3.1088   49.9500
    3.1141   49.8833
    3.1194   49.8167
    3.1247   49.6833
    3.1300   49.6167
    3.1354   49.5500
    3.1407   49.4833
    3.1460   49.4167
    3.1513   49.3500
    3.1566   49.2833
    3.1619   49.1500
    3.1672   49.0167
    3.1725   48.8833
    3.1778   48.7500
    3.1831   48.6167
    3.1884   48.4833
    3.1937   48.3500
    3.1990   48.2167
    3.2043   48.1500
    3.2096   48.0833
    3.2149   48.0167
    3.2202   47.9500
    3.2255   47.8833
    3.2308   47.8167
    3.2362   47.7500
    3.2415   47.7500
    3.2468   47.7500
    3.2521   47.7500
    3.2574   47.7500
    3.2627   47.7500
    3.2680   47.7500
    3.2733   47.7500
    3.2786   47.7500
    3.2839   47.7500
    3.2892   47.6833
    3.2945   47.6167
    3.2998   47.5500
    3.3051   47.4833
    3.3104   47.4833
    3.3157   47.4833
    3.3210   47.4833
    3.3263   47.4833
    3.3316   47.4833
    3.3369   47.4833
    3.3423   47.4833
    3.3476   47.4833
    3.3529   47.4833
    3.3582   47.4833
    3.3635   47.4833
    3.3688   47.5500
    3.3741   47.6167
    3.3794   47.6833
    3.3847   47.7500
    3.3900   47.7500
    3.3953   47.7500
    3.4006   47.7500
    3.4059   47.7500
    3.4112   47.7500
    3.4165   47.7500
    3.4218   47.7500
    3.4271   47.7500
    3.4324   47.7500
    3.4377   47.8833
    3.4431   48.0167
    3.4484   48.1500
    3.4537   48.2833
    3.4590   48.4167
    3.4643   48.4833
    3.4696   48.5500
    3.4749   48.6167
    3.4802   48.6833
    3.4855   48.7500
    3.4908   48.8167
    3.4961   48.8833
    3.5014   48.9500
    3.5067   49.0167
    3.5120   49.0833
    3.5173   49.0167
    3.5226   48.9500
    3.5279   48.8833
    3.5332   48.8833
    3.5385   48.8833
    3.5439   48.9500
    3.5492   49.0167
    3.5545   49.0833
    3.5598   49.1500
    3.5651   49.2167
    3.5704   49.2833
    3.5757   49.3500
    3.5810   49.4167
    3.5863   49.4833
    3.5916   49.5500
    3.5969   49.6167
    3.6022   49.6833
    3.6075   49.7500
    3.6128   49.7500
    3.6181   49.7500
    3.6234   49.7500
    3.6287   49.7500
    3.6340   49.8167
    3.6393   49.8833
    3.6446   49.9500
    3.6500   50.0167
    3.6553   50.0167
    3.6606   50.0167
    3.6659   50.0167
    3.6712   49.8833
    3.6765   49.7500
    3.6818   49.6167
    3.6871   49.4833
    3.6924   49.3500
    3.6977   49.2167
    3.7030   49.0833
    3.7083   48.9500
    3.7136   48.7500
    3.7189   48.5500
    3.7242   48.3500
    3.7295   48.1500
    3.7348   48.0167
    3.7401   47.8833
    3.7454   47.7500
    3.7508   47.7500
    3.7561   47.7500
    3.7614   47.7500
    3.7667   47.7500
    3.7720   47.7500
    3.7773   47.7500
    3.7826   47.7500
    3.7879   47.7500
    3.7932   47.7500
    3.7985   47.7500
    3.8038   47.7500
    3.8091   47.7500
    3.8144   47.7500
    3.8197   47.7500
    3.8250   47.7500
    3.8303   47.7500
    3.8356   47.7500
    3.8409   47.7500
    3.8462   47.7500
    3.8515   47.7500
    3.8569   47.7500
    3.8622   47.7500
    3.8675   47.7500
    3.8728   47.7500
    3.8781   47.7500
    3.8834   47.7500
    3.8887   47.7500
    3.8940   47.7500
    3.8993   47.7500
    3.9046   47.7500
    3.9099   47.7500
    3.9152   47.7500
    3.9205   47.7500
    3.9258   47.7500
    3.9311   47.7500
    3.9364   47.7500
    3.9417   47.7500
    3.9470   47.7500
    3.9523   47.7500
    3.9577   47.7500
    3.9630   47.7500
    3.9683   47.7500
    3.9736   47.7500
    3.9789   47.7500
    3.9842   47.7500
    3.9895   47.7500
    3.9948   47.7500
    4.0001   47.7500
    4.0054   47.7500
    4.0107   47.7500
    4.0160   47.7500
    4.0213   47.7500
    4.0266   47.7500
    4.0319   47.7500
    4.0372   47.7500
    4.0425   47.7500
    4.0478   47.7500
    4.0531   47.7500
    4.0585   47.7500
    4.0638   47.7500
    4.0691   47.7500
    4.0744   47.7500
    4.0797   47.7500
    4.0850   47.7500
    4.0903   47.7500
    4.0956   47.7500
    4.1009   47.7500
    4.1062   47.7500
    4.1115   47.7500
    4.1168   47.7500
    4.1221   47.7500
    4.1274   47.7500
    4.1327   47.7500
    4.1380   47.7500
    4.1433   47.7500
    4.1486   47.7500
    4.1539   47.7500
    4.1592   47.7500
    4.1646   47.7500
    4.1699   47.7500
    4.1752   47.7500
    4.1805   47.7500
    4.1858   47.7500
    4.1911   47.7500
    4.1964   47.7500
    4.2017   47.7500
    4.2070   47.7500
    4.2123   47.7500
    4.2176   47.7500
    4.2229   47.7500
    4.2282   47.7500
    4.2335   47.7500
    4.2388   47.7500
    4.2441   47.7500
    4.2494   47.7500
    4.2547   47.7500
    4.2600   47.7500
    4.2654   47.7500
    4.2707   47.7500
    4.2760   47.7500
    4.2813   47.7500
    4.2866   47.7500
    4.2919   47.7500
    4.2972   47.7500
    4.3025   47.7500
    4.3078   47.7500
    4.3131   47.7500
    4.3184   47.6167
    4.3237   47.4833
    4.3290   47.3500
    4.3343   47.2167
    4.3396   47.0833
    4.3449   46.9500
    4.3502   46.8167
    4.3555   46.6833
    4.3608   46.6167
    4.3662   46.5500
    4.3715   46.4833
    4.3768   46.4167
    4.3821   46.3500
    4.3874   46.2833
    4.3927   46.2167
    4.3980   46.2833
    4.4033   46.3500
    4.4086   46.4167
    4.4139   46.4833
    4.4192   46.5500
    4.4245   46.6167
    4.4298   46.6833
    4.4351   46.7500
    4.4404   46.7500
    4.4457   46.7500
    4.4510   46.7500
    4.4563   46.7500
    4.4616   46.7500
    4.4669   46.7500
    4.4723   46.7500
    4.4776   46.7500
    4.4829   46.7500
    4.4882   46.7500
    4.4935   46.7500
    4.4988   46.7500
    4.5041   46.7500
    4.5094   46.6833
    4.5147   46.6167
    4.5200   46.5500
    4.5253   46.4833
    4.5306   46.4167
    4.5359   46.3500
    4.5412   46.3500
    4.5465   46.3500
    4.5518   46.3500
    4.5571   46.3500
    4.5624   46.3500
    4.5677   46.4167
    4.5731   46.4833
    4.5784   46.5500
    4.5837   46.6167
    4.5890   46.7500
    4.5943   46.8833
    4.5996   47.0167
    4.6049   47.1500
    4.6102   47.2833
    4.6155   47.4167
    4.6208   47.4833
    4.6261   47.5500
    4.6314   47.6167
    4.6367   47.6833
    4.6420   47.7500
    4.6473   47.7500
    4.6526   47.7500
    4.6579   47.7500
    4.6632   47.7500
    4.6685   47.7500
    4.6739   47.7500
    4.6792   47.7500
    4.6845   47.7500
    4.6898   47.7500
    4.6951   47.7500
    4.7004   47.7500
    4.7057   47.7500
    4.7110   47.7500
    4.7163   47.7500
    4.7216   47.7500
    4.7269   47.7500
    4.7322   47.7500
    4.7375   47.7500
    4.7428   47.7500
    4.7481   47.7500
    4.7534   47.6833
    4.7587   47.6167
    4.7640   47.5500
    4.7693   47.4833
    4.7746   47.4167
    4.7800   47.2833
    4.7853   47.1500
    4.7906   47.0167
    4.7959   46.8833
    4.8012   46.7500
    4.8065   46.6167
    4.8118   46.4833
    4.8171   46.3500
    4.8224   46.2167
    4.8277   46.0833
    4.8330   46.0167
    4.8383   45.9500
    4.8436   45.8833
    4.8489   45.8167
    4.8542   45.7500
    4.8595   45.7500
    4.8648   45.7500
    4.8701   45.7500
    4.8754   45.7500
    4.8808   45.7500
    4.8861   45.7500
    4.8914   45.7500
    4.8967   45.7500
    4.9020   45.7500
    4.9073   45.7500
    4.9126   45.7500
    4.9179   45.7500
    4.9232   45.7500
    4.9285   45.7500
    4.9338   45.7500
    4.9391   45.7500
    4.9444   45.7500
    4.9497   45.7500
    4.9550   45.7500
    4.9603   45.7500
    4.9656   45.7500
    4.9709   45.7500
    4.9762   45.7500
    4.9815   45.8167
    4.9869   45.9500
    4.9922   46.0833
    4.9975   46.2167
    5.0028   46.3500
    5.0081   46.4833
    5.0134   46.6167
    5.0187   46.7500
    5.0240   46.8833
    5.0293   47.0167
    5.0346   47.1500
    5.0399   47.2833
    5.0452   47.3500
    5.0505   47.4167
    5.0558   47.4833
    5.0611   47.4833
    5.0664   47.4167
    5.0717   47.3500
    5.0770   47.2833
    5.0823   47.2167
    5.0877   47.1500
    5.0930   47.0833
    5.0983   47.0167
    5.1036   46.9500
    5.1089   46.8833
    5.1142   46.8167
    5.1195   46.7500
    5.1248   46.7500
    5.1301   46.7500
    5.1354   46.7500
    5.1407   46.7500
    5.1460   46.6833
    5.1513   46.6167
    5.1566   46.5500
    5.1619   46.4167
    5.1672   46.2833
    5.1725   46.1500
    5.1778   46.0167
    5.1831   45.8833
    5.1885   45.7500
    5.1938   45.6167
    5.1991   45.4833
    5.2044   45.3500
    5.2097   45.2167
    5.2150   45.0833
    5.2203   44.9500
    5.2256   44.8833
    5.2309   44.8167
    5.2362   44.8167
    5.2415   44.8833
    5.2468   44.9500
    5.2521   45.1500
    5.2574   45.3500
    5.2627   45.5500
    5.2680   45.7500
    5.2733   45.9500
    5.2786   46.1500
    5.2839   46.3500
    5.2892   46.5500
    5.2946   46.6167
    5.2999   46.6833
    5.3052   46.7500
    5.3105   46.8167
    5.3158   46.8167
    5.3211   46.8167
    5.3264   46.8167
    5.3317   46.6833
    5.3370   46.5500
    5.3423   46.4167
    5.3476   46.2833
    5.3529   46.1500
    5.3582   46.0167
    5.3635   45.8833
    5.3688   45.7500
    5.3741   45.7500
    5.3794   45.7500
    5.3847   45.7500
    5.3900   45.7500
    5.3954   45.7500
    5.4007   45.7500
    5.4060   45.7500
    5.4113   45.7500
    5.4166   45.7500
    5.4219   45.6833
    5.4272   45.6167
    5.4325   45.5500
    5.4378   45.4833
    5.4431   45.4167
    5.4484   45.3500
    5.4537   45.2833
    5.4590   45.2167
    5.4643   45.1500
    5.4696   45.0833
    5.4749   45.0167
    5.4802   44.9500
    5.4855   44.8833
    5.4908   44.8167
    5.4962   44.8167
    5.5015   44.9500
    5.5068   45.0833
    5.5121   45.2167
    5.5174   45.3500
    5.5227   45.4833
    5.5280   45.6167
    5.5333   45.7500
    5.5386   45.8833
    5.5439   46.0167
    5.5492   46.0833
    5.5545   46.1500
    5.5598   46.2167
    5.5651   46.2833
    5.5704   46.3500
    5.5757   46.3500
    5.5810   46.2833
    5.5863   46.2167
    5.5916   46.1500
    5.5969   46.1500
    5.6023   46.1500
    5.6076   46.1500
    5.6129   46.1500
    5.6182   46.1500
    5.6235   46.1500
    5.6288   46.2167
    5.6341   46.2833
    5.6394   46.3500
    5.6447   46.4167
    5.6500   46.4833
    5.6553   46.5500
    5.6606   46.6167
    5.6659   46.6833
    5.6712   46.6833
    5.6765   46.6167
    5.6818   46.5500
    5.6871   46.4833
    5.6924   46.4167
    5.6977   46.3500
    5.7031   46.2833
    5.7084   46.2167
    5.7137   46.1500
    5.7190   46.0833
    5.7243   46.0167
    5.7296   45.9500
    5.7349   45.8833
    5.7402   45.8167
    5.7455   45.7500
    5.7508   45.7500
    5.7561   45.7500
    5.7614   45.7500
    5.7667   45.7500
    5.7720   45.7500
    5.7773   45.7500
    5.7826   45.7500
    5.7879   45.7500
    5.7932   45.7500
    5.7985   45.7500
    5.8039   45.6833
    5.8092   45.6167
    5.8145   45.5500
    5.8198   45.4833
    5.8251   45.4833
    5.8304   45.5500
    5.8357   45.6167
    5.8410   45.6833
    5.8463   45.7500
    5.8516   45.8167
    5.8569   45.8833
    5.8622   45.9500
    5.8675   46.0167
    5.8728   46.0833
    5.8781   46.1500
    5.8834   46.2833
    5.8887   46.4167
    5.8940   46.5500
    5.8993   46.6833
    5.9046   46.7500
    5.9100   46.7500
    5.9153   46.7500
    5.9206   46.7500
    5.9259   46.7500
    5.9312   46.7500
    5.9365   46.7500
    5.9418   46.7500
    5.9471   46.7500
    5.9524   46.7500
    5.9577   46.7500
    5.9630   46.7500
    5.9683   46.7500
    5.9736   46.7500
    5.9789   46.7500
    5.9842   46.7500
    5.9895   46.7500
    5.9948   46.7500
    6.0001   46.7500
    6.0054   46.7500
    6.0108   46.6833
    6.0161   46.6167
    6.0214   46.5500
    6.0267   46.4833
    6.0320   46.4167
    6.0373   46.3500
    6.0426   46.2833
    6.0479   46.2167
    6.0532   46.1500
    6.0585   46.0833
    6.0638   45.9500
    6.0691   45.8167
    6.0744   45.6833
    6.0797   45.5500
    6.0850   45.4167
    6.0903   45.3500
    6.0956   45.2833
    6.1009   45.2167
    6.1062   45.1500
    6.1115   45.0167
    6.1169   44.8833
    6.1222   44.7500
    6.1275   44.6167
    6.1328   44.4833
    6.1381   44.3500
    6.1434   44.2833
    6.1487   44.2167
    6.1540   44.1500
    6.1593   44.0833
    6.1646   44.0167
    6.1699   43.9500
    6.1752   43.8833
    6.1805   43.8167
    6.1858   43.7500
    6.1911   43.7500
    6.1964   43.7500
    6.2017   43.7500
    6.2070   43.7500
    6.2123   43.7500
    6.2177   43.8167
    6.2230   43.9500
    6.2283   44.0833
    6.2336   44.2167
    6.2389   44.3500
    6.2442   44.4833
    6.2495   44.6167
    6.2548   44.7500
    6.2601   44.8833
    6.2654   45.0167
    6.2707   45.1500
    6.2760   45.2833
    6.2813   45.4167
    6.2866   45.5500
    6.2919   45.6833
    6.2972   45.7500
    6.3025   45.7500
    6.3078   45.7500
    6.3131   45.7500
    6.3185   45.7500
    6.3238   45.7500
    6.3291   45.7500
    6.3344   45.7500
    6.3397   45.7500
    6.3450   45.7500
    6.3503   45.7500
    6.3556   45.7500
    6.3609   45.7500
    6.3662   45.7500
    6.3715   45.7500
    6.3768   45.7500
    6.3821   45.7500
    6.3874   45.7500
    6.3927   45.6833
    6.3980   45.6167
    6.4033   45.5500
    6.4086   45.4833
    6.4139   45.4167
    6.4192   45.3500
    6.4246   45.2833
    6.4299   45.2167
    6.4352   45.1500
    6.4405   45.0833
    6.4458   45.0167
    6.4511   44.9500
    6.4564   44.8833
    6.4617   44.8167
    6.4670   44.7500
    6.4723   44.7500
    6.4776   44.7500
    6.4829   44.7500
    6.4882   44.6833
    6.4935   44.6167
    6.4988   44.5500
    6.5041   44.4833
    6.5094   44.4167
    6.5147   44.3500
    6.5200   44.3500
    6.5254   44.3500
    6.5307   44.3500
    6.5360   44.3500
    6.5413   44.3500
    6.5466   44.3500
    6.5519   44.3500
    6.5572   44.2833
    6.5625   44.2833
    6.5678   44.4167
    6.5731   44.4833
    6.5784   44.5500
    6.5837   44.6167
    6.5890   44.6833
    6.5943   44.7500
    6.5996   44.7500
    6.6049   44.6833
    6.6102   44.6167
    6.6155   44.5500
    6.6208   44.4833
    6.6262   44.4167
    6.6315   44.3500
    6.6368   44.3500
    6.6421   44.2833
    6.6474   44.1500
    6.6527   44.0833
    6.6580   44.0167
    6.6633   43.9500
    6.6686   43.8833
    6.6739   43.8167
    6.6792   43.7500
    6.6845   43.7500
    6.6898   43.7500
    6.6951   43.7500
    6.7004   43.7500
    6.7057   43.7500
    6.7110   43.7500
    6.7163   43.7500
    6.7216   43.7500
    6.7269   43.7500
    6.7323   43.7500
    6.7376   43.7500
    6.7429   43.7500
    6.7482   43.7500
    6.7535   43.7500
    6.7588   43.7500
    6.7641   43.7500
    6.7694   43.7500
    6.7747   43.7500
    6.7800   43.7500
    6.7853   43.7500
    6.7906   43.7500
    6.7959   43.7500
    6.8012   43.7500
    6.8065   43.7500
    6.8118   43.7500
    6.8171   43.7500
    6.8224   43.7500
    6.8277   43.7500
    6.8331   43.7500
    6.8384   43.7500
    6.8437   43.7500
    6.8490   43.7500
    6.8543   43.7500
    6.8596   43.7500
    6.8649   43.7500
    6.8702   43.7500
    6.8755   43.7500
    6.8808   43.7500
    6.8861   43.7500
    6.8914   43.7500
    6.8967   43.7500
    6.9020   43.7500
    6.9073   43.7500
    6.9126   43.7500
    6.9179   43.7500
    6.9232   43.7500
    6.9285   43.7500
    6.9339   43.7500
    6.9392   43.7500
    6.9445   43.7500
    6.9498   43.7500
    6.9551   43.7500
    6.9604   43.7500
    6.9657   43.7500
    6.9710   43.7500
    6.9763   43.7500
    6.9816   43.7500
    6.9869   43.7500
    6.9922   43.7500
    6.9975   43.7500
    7.0028   43.7500
    7.0081   43.7500
    7.0134   43.7500
    7.0187   43.7500
    7.0240   43.7500
    7.0293   43.7500
    7.0346   43.7500
    7.0400   43.7500
    7.0453   43.7500
    7.0506   43.7500
    7.0559   43.7500
    7.0612   43.7500
    7.0665   43.7500
    7.0718   43.7500
    7.0771   43.7500
    7.0824   43.7500
    7.0877   43.7500
    7.0930   43.7500
    7.0983   43.7500
    7.1036   43.7500
    7.1089   43.7500
    7.1142   43.7500
    7.1195   43.7500
    7.1248   43.7500
    7.1301   43.7500
    7.1354   43.7500
    7.1408   43.7500
    7.1461   43.7500
    7.1514   43.7500
    7.1567   43.7500
    7.1620   43.8167
    7.1673   43.8833
    7.1726   43.9500
    7.1779   44.0167
    7.1832   44.0833
    7.1885   44.1500
    7.1938   44.2167
    7.1991   44.2833
    7.2044   44.3500
    7.2097   44.4167
    7.2150   44.4833
    7.2203   44.5500
    7.2256   44.6167
    7.2309   44.6833
    7.2362   44.7500
    7.2415   44.7500
    7.2469   44.7500
    7.2522   44.7500
    7.2575   44.7500
    7.2628   44.7500
    7.2681   44.7500
    7.2734   44.7500
    7.2787   44.7500
    7.2840   44.7500
    7.2893   44.7500
    7.2946   44.7500
    7.2999   44.7500
    7.3052   44.7500
    7.3105   44.7500
    7.3158   44.7500
    7.3211   44.7500
    7.3264   44.7500
    7.3317   44.7500
    7.3370   44.7500
    7.3423   44.7500
    7.3477   44.7500
    7.3530   44.7500
    7.3583   44.7500
    7.3636   44.7500
    7.3689   44.7500
    7.3742   44.7500
    7.3795   44.7500
    7.3848   44.7500
    7.3901   44.7500
    7.3954   44.7500
    7.4007   44.7500
    7.4060   44.7500
    7.4113   44.7500
    7.4166   44.7500
    7.4219   44.7500
    7.4272   44.7500
    7.4325   44.7500
    7.4378   44.7500
    7.4431   44.7500
    7.4485   44.7500
    7.4538   44.7500
    7.4591   44.7500
    7.4644   44.6833
    7.4697   44.6167
    7.4750   44.5500
    7.4803   44.4833
    7.4856   44.3500
    7.4909   44.2167
    7.4962   44.0833
    7.5015   43.9500
    7.5068   43.8167
    7.5121   43.6833
    7.5174   43.5500
    7.5227   43.4167
    7.5280   43.2833
    7.5333   43.1500
    7.5386   43.0167
    7.5439   42.9500
    7.5492   42.8833
    7.5546   42.8167
    7.5599   42.7500
    7.5652   42.6833
    7.5705   42.6167
    7.5758   42.5500
    7.5811   42.4833
    7.5864   42.4167
    7.5917   42.3500
    7.5970   42.2833
    7.6023   42.2167
    7.6076   42.1500
    7.6129   42.0833
    7.6182   42.0167
    7.6235   41.9500
    7.6288   41.8833
    7.6341   41.8167
    7.6394   41.7500
    7.6447   41.7500
    7.6500   41.7500
    7.6554   41.7500
    7.6607   41.7500
    7.6660   41.7500
    7.6713   41.7500
    7.6766   41.7500
    7.6819   41.7500
    7.6872   41.7500
    7.6925   41.7500
    7.6978   41.7500
    7.7031   41.7500
    7.7084   41.7500
    7.7137   41.7500
    7.7190   41.7500
    7.7243   41.7500
    7.7296   41.7500
    7.7349   41.8167
    7.7402   41.8833
    7.7455   41.9500
    7.7508   42.0167
    7.7562   42.0833
    7.7615   42.1500
    7.7668   42.2167
    7.7721   42.2833
    7.7774   42.3500
    7.7827   42.4167
    7.7880   42.4167
    7.7933   42.4167
    7.7986   42.4167
    7.8039   42.4167
    7.8092   42.4167
    7.8145   42.3500
    7.8198   42.2833
    7.8251   42.2167
    7.8304   42.2833
    7.8357   42.3500
    7.8410   42.4167
    7.8463   42.4833
    7.8516   42.5500
    7.8569   42.6167
    7.8623   42.6833
    7.8676   42.8167
    7.8729   42.9500
    7.8782   43.0833
    7.8835   43.2167
    7.8888   43.3500
    7.8941   43.4833
    7.8994   43.6167
    7.9047   43.7500
    7.9100   43.7500
    7.9153   43.7500
    7.9206   43.7500
    7.9259   43.7500
    7.9312   43.6833
    7.9365   43.6167
    7.9418   43.5500
    7.9471   43.4833
    7.9524   43.4167
    7.9577   43.2833
    7.9631   43.1500
    7.9684   43.0167
    7.9737   42.8833
    7.9790   42.7500
    7.9843   42.6167
    7.9896   42.4833
    7.9949   42.3500
    8.0002   42.2167
    8.0055   42.0833
    8.0108   42.0167
    8.0161   41.9500
    8.0214   41.8833
    8.0267   41.8167
    8.0320   41.7500
    8.0373   41.7500
    8.0426   41.7500
    8.0479   41.7500
    8.0532   41.7500
    8.0585   41.7500
    8.0639   41.7500
    8.0692   41.7500
    8.0745   41.7500
    8.0798   41.7500
    8.0851   41.7500
    8.0904   41.7500
    8.0957   41.7500
    8.1010   41.7500
    8.1063   41.7500
    8.1116   41.7500
    8.1169   41.7500
    8.1222   41.7500
    8.1275   41.7500
    8.1328   41.7500
    8.1381   41.7500
    8.1434   41.7500
    8.1487   41.8167
    8.1540   41.8833
    8.1593   41.9500
    8.1646   42.0167
    8.1700   42.0833
    8.1753   42.1500
    8.1806   42.2167
    8.1859   42.2833
    8.1912   42.3500
    8.1965   42.4167
    8.2018   42.4833
    8.2071   42.5500
    8.2124   42.6167
    8.2177   42.6833
    8.2230   42.7500
    8.2283   42.7500
    8.2336   42.7500
    8.2389   42.7500
    8.2442   42.7500
    8.2495   42.7500
    8.2548   42.7500
    8.2601   42.7500
    8.2654   42.7500
    8.2708   42.7500
    8.2761   42.7500
    8.2814   42.7500
    8.2867   42.7500
    8.2920   42.8167
    8.2973   42.8833
    8.3026   42.9500
    8.3079   43.0167
    8.3132   43.0833
    8.3185   43.1500
    8.3238   43.2167
    8.3291   43.2833
    8.3344   43.3500
    8.3397   43.3500
    8.3450   43.3500
    8.3503   43.2833
    8.3556   43.2167
    8.3609   43.1500
    8.3662   43.0833
    8.3716   42.9500
    8.3769   42.7500
    8.3822   42.5500
    8.3875   42.3500
    8.3928   42.1500
    8.3981   41.9500
    8.4034   41.7500
    8.4087   41.5500
    8.4140   41.3500
    8.4193   41.2167
    8.4246   41.0833
    8.4299   41.0167
    8.4352   40.9500
    8.4405   40.8833
    8.4458   40.8167
    8.4511   40.7500
    8.4564   40.7500
    8.4617   40.7500
    8.4670   40.7500
    8.4723   40.7500
    8.4777   40.7500
    8.4830   40.7500
    8.4883   40.8833
    8.4936   41.0167
    8.4989   41.1500
    8.5042   41.2833
    8.5095   41.4167
    8.5148   41.5500
    8.5201   41.6833
    8.5254   41.8167
    8.5307   41.9500
    8.5360   42.0833
    8.5413   42.2167
    8.5466   42.3500
    8.5519   42.4167
    8.5572   42.4833
    8.5625   42.5500
    8.5678   42.4833
    8.5731   42.4167
    8.5785   42.3500
    8.5838   42.2833
    8.5891   42.2167
    8.5944   42.1500
    8.5997   42.0833
    8.6050   42.0167
    8.6103   41.9500
    8.6156   41.8833
    8.6209   41.8167
    8.6262   41.7500
    8.6315   41.7500
    8.6368   41.7500
    8.6421   41.7500
    8.6474   41.7500
    8.6527   41.7500
    8.6580   41.7500
    8.6633   41.7500
    8.6686   41.7500
    8.6739   41.7500
    8.6792   41.7500
    8.6846   41.7500
    8.6899   41.7500
    8.6952   41.7500
    8.7005   41.7500
    8.7058   41.7500
    8.7111   41.7500
    8.7164   41.7500
    8.7217   41.7500
    8.7270   41.7500
    8.7323   41.6833
    8.7376   41.6167
    8.7429   41.5500
    8.7482   41.4833
    8.7535   41.4167
    8.7588   41.3500
    8.7641   41.2833
    8.7694   41.2167
    8.7747   41.1500
    8.7800   41.0833
    8.7854   41.0167
    8.7907   40.9500
    8.7960   40.8833
    8.8013   40.8167
    8.8066   40.7500
    8.8119   40.7500
    8.8172   40.7500
    8.8225   40.7500
    8.8278   40.7500
    8.8331   40.7500
    8.8384   40.7500
    8.8437   40.7500
    8.8490   40.7500
    8.8543   40.7500
    8.8596   40.7500
    8.8649   40.7500
    8.8702   40.7500
    8.8755   40.7500
    8.8808   40.7500
    8.8862   40.7500
    8.8915   40.7500
    8.8968   40.7500
    8.9021   40.7500
    8.9074   40.7500
    8.9127   40.7500
    8.9180   40.7500
    8.9233   40.7500
    8.9286   40.7500
    8.9339   40.7500
    8.9392   40.7500
    8.9445   40.7500
    8.9498   40.7500
    8.9551   40.7500
    8.9604   40.7500
    8.9657   40.7500
    8.9710   40.7500
    8.9763   40.7500
    8.9816   40.7500
    8.9869   40.7500
    8.9923   40.7500
    8.9976   40.7500
    9.0029   40.7500
    9.0082   40.7500
    9.0135   40.7500
    9.0188   40.7500
    9.0241   40.7500
    9.0294   40.7500
    9.0347   40.7500
    9.0400   40.7500
    9.0453   40.7500
    9.0506   40.7500
    9.0559   40.7500
    9.0612   40.7500
    9.0665   40.7500
    9.0718   40.7500
    9.0771   40.7500
    9.0824   40.7500
    9.0877   40.7500
    9.0931   40.7500
    9.0984   40.7500
    9.1037   40.7500
    9.1090   40.7500
    9.1143   40.7500
    9.1196   40.7500
    9.1249   40.7500
    9.1302   40.7500
    9.1355   40.7500
    9.1408   40.7500
    9.1461   40.7500
    9.1514   40.7500
    9.1567   40.7500
    9.1620   40.7500
    9.1673   40.7500
    9.1726   40.7500
    9.1779   40.7500
    9.1832   40.7500
    9.1885   40.7500
    9.1939   40.7500
    9.1992   40.7500
    9.2045   40.7500
    9.2098   40.7500
    9.2151   40.7500
    9.2204   40.7500
    9.2257   40.7500
    9.2310   40.7500
    9.2363   40.7500
    9.2416   40.7500
    9.2469   40.7500
    9.2522   40.7500
    9.2575   40.7500
    9.2628   40.7500
    9.2681   40.7500
    9.2734   40.7500
    9.2787   40.7500
    9.2840   40.7500
    9.2893   40.7500
    9.2946   40.7500
    9.3000   40.7500
    9.3053   40.7500
    9.3106   40.7500
    9.3159   40.7500
    9.3212   40.6833
    9.3265   40.6167
    9.3318   40.5500
    9.3371   40.4833
    9.3424   40.4167
    9.3477   40.3500
    9.3530   40.2833
    9.3583   40.2167
    9.3636   40.1500
    9.3689   40.0833
    9.3742   40.0167
    9.3795   39.9500
    9.3848   39.8833
    9.3901   39.8167
    9.3954   39.7500
    9.4008   39.7500
    9.4061   39.7500
    9.4114   39.7500
    9.4167   39.7500
    9.4220   39.7500
    9.4273   39.7500
    9.4326   39.7500
    9.4379   39.7500
    9.4432   39.7500
    9.4485   39.7500
    9.4538   39.7500
    9.4591   39.7500
    9.4644   39.8833
    9.4697   40.0167
    9.4750   40.1500
    9.4803   40.2833
    9.4856   40.4167
    9.4909   40.5500
    9.4962   40.6833
    9.5016   40.7500
    9.5069   40.8167
    9.5122   40.8833
    9.5175   40.9500
    9.5228   41.0167
    9.5281   41.0833
    9.5334   41.1500
    9.5387   41.2167
    9.5440   41.1500
    9.5493   41.0833