    0.4669         0
    0.4722    0.0415
    0.4775    0.0829
    0.4828    0.1241
    0.4881    0.1652
    0.4934    0.2061
    0.4987    0.2466
    0.5040    0.2867
    0.5093    0.3265
    0.5146    0.3661
    0.5199    0.4057
    0.5252    0.4450
    0.5305    0.4840
    0.5358    0.5230
    0.5411    0.5619
    0.5464    0.6009
    0.5517    0.6400
    0.5570    0.6792
    0.5623    0.7183
    0.5677    0.7581
    0.5730    0.7969
    0.5783    0.8355
    0.5836    0.8739
    0.5889    0.9123
    0.5942    0.9505
    0.5995    0.9886
    0.6048    1.0265
    0.6101    1.0644
    0.6154    1.1021
    0.6207    1.1398
    0.6260    1.1774
    0.6313    1.2149
    0.6366    1.2524
    0.6419    1.2899
    0.6472    1.3272
    0.6525    1.3645
    0.6578    1.4016
    0.6631    1.4386
    0.6685    1.4762
    0.6738    1.5131
    0.6791    1.5498
    0.6844    1.5864
    0.6897    1.6228
    0.6950    1.6592
    0.7003    1.6955
    0.7056    1.7316
    0.7109    1.7676
    0.7162    1.8035
    0.7215    1.8392
    0.7268    1.8748
    0.7321    1.9103
    0.7374    1.9456
    0.7427    1.9808
    0.7480    2.0157
    0.7533    2.0506
    0.7586    2.0852
    0.7639    2.1196
    0.7692    2.1539
    0.7746    2.1885
    0.7799    2.2223
    0.7852    2.2559
    0.7905    2.2893
    0.7958    2.3223
    0.8011    2.3552
    0.8064    2.3877
    0.8117    2.4200
    0.8170    2.4521
    0.8223    2.4840
    0.8276    2.5158
    0.8329    2.5474
    0.8382    2.5788
    0.8435    2.6101
    0.8488    2.6413
    0.8541    2.6725
    0.8594    2.7035
    0.8647    2.7345
    0.8700    2.7654
    0.8754    2.7969
    0.8807    2.8278
    0.8860    2.8587
    0.8913    2.8895
    0.8966    2.9204
    0.9019    2.9513
    0.9072    2.9821
    0.9125    3.0131
    0.9178    3.0440
    0.9231    3.0750
    0.9284    3.1060
    0.9337    3.1371
    0.9390    3.1682
    0.9443    3.1994
    0.9496    3.2306
    0.9549    3.2618
    0.9602    3.2931
    0.9655    3.3245
    0.9708    3.3558
    0.9762    3.3879
    0.9815    3.4193
    0.9868    3.4508
    0.9921    3.4823
    0.9974    3.5139
    1.0027    3.5454
    1.0080    3.5770
    1.0133    3.6085
    1.0186    3.6400
    1.0239    3.6715
    1.0292    3.7030
    1.0345    3.7344
    1.0398    3.7657
    1.0451    3.7969
    1.0504    3.8280
    1.0557    3.8587
    1.0610    3.8893
    1.0663    3.9197
    1.0716    3.9499
    1.0769    3.9799
    1.0823    4.0103
    1.0876    4.0400
    1.0929    4.0695
    1.0982    4.0989
    1.1035    4.1281
    1.1088    4.1572
    1.1141    4.1862
    1.1194    4.2151
    1.1247    4.2439
    1.1300    4.2726
    1.1353    4.3013
    1.1406    4.3298
    1.1459    4.3583
    1.1512    4.3867
    1.1565    4.4151
    1.1618    4.4434
    1.1671    4.4716
    1.1724    4.4998
    1.1777    4.5280
    1.1831    4.5567
    1.1884    4.5848
    1.1937    4.6128
    1.1990    4.6409
    1.2043    4.6689
    1.2096    4.6969
    1.2149    4.7249
    1.2202    4.7529
    1.2255    4.7809
    1.2308    4.8088
    1.2361    4.8368
    1.2414    4.8647
    1.2467    4.8926
    1.2520    4.9205
    1.2573    4.9484
    1.2626    4.9763
    1.2679    5.0042
    1.2732    5.0321
    1.2785    5.0600
    1.2838    5.0878
    1.2892    5.1162
    1.2945    5.1440
    1.2998    5.1718
    1.3051    5.1995
    1.3104    5.2272
    1.3157    5.2549
    1.3210    5.2826
    1.3263    5.3102
    1.3316    5.3378
    1.3369    5.3653
    1.3422    5.3928
    1.3475    5.4202
    1.3528    5.4475
    1.3581    5.4747
    1.3634    5.5019
    1.3687    5.5290
    1.3740    5.5560
    1.3793    5.5828
    1.3846    5.6096
    1.3900    5.6368
    1.3953    5.6633
    1.4006    5.6897
    1.4059    5.7159
    1.4112    5.7420
    1.4165    5.7679
    1.4218    5.7937
    1.4271    5.8196
    1.4324    5.8456
    1.4377    5.8718
    1.4430    5.8980
    1.4483    5.9243
    1.4536    5.9507
    1.4589    5.9771
    1.4642    6.0035
    1.4695    6.0300
    1.4748    6.0564
    1.4801    6.0829
    1.4854    6.1094
    1.4908    6.1363
    1.4961    6.1627
    1.5014    6.1890
    1.5067    6.2153
    1.5120    6.2416
    1.5173    6.2677
    1.5226    6.2938
    1.5279    6.3198
    1.5332    6.3457
    1.5385    6.3715
    1.5438    6.3972
    1.5491    6.4227
    1.5544    6.4482
    1.5597    6.4735
    1.5650    6.4987
    1.5703    6.5237
    1.5756    6.5487
    1.5809    6.5734
    1.5862    6.5980
    1.5915    6.6225
    1.5969    6.6473
    1.6022    6.6714
    1.6075    6.6954
    1.6128    6.7193
    1.6181    6.7430
    1.6234    6.7665
    1.6287    6.7899
    1.6340    6.8131
    1.6393    6.8361
    1.6446    6.8590
    1.6499    6.8818
    1.6552    6.9044
    1.6605    6.9268
    1.6658    6.9492
    1.6711    6.9713
    1.6764    6.9933
    1.6817    7.0152
    1.6870    7.0370
    1.6923    7.0587
    1.6977    7.0806
    1.7030    7.1020
    1.7083    7.1233
    1.7136    7.1445
    1.7189    7.1657
    1.7242    7.1867
    1.7295    7.2077
    1.7348    7.2286
    1.7401    7.2494
    1.7454    7.2702
    1.7507    7.2910
    1.7560    7.3117
    1.7613    7.3324
    1.7666    7.3531
    1.7719    7.3738
    1.7772    7.3946
    1.7825    7.4153
    1.7878    7.4360
    1.7931    7.4567
    1.7985    7.4777
    1.8038    7.4984
    1.8091    7.5191
    1.8144    7.5397
    1.8197    7.5604
    1.8250    7.5811
    1.8303    7.6017
    1.8356    7.6224
    1.8409    7.6431
    1.8462    7.6638
    1.8515    7.6846
    1.8568    7.7053
    1.8621    7.7261
    1.8674    7.7469
    1.8727    7.7677
    1.8780    7.7886
    1.8833    7.8095
    1.8886    7.8304
    1.8939    7.8514
    1.8992    7.8724
    1.9046    7.8938
    1.9099    7.9149
    1.9152    7.9360
    1.9205    7.9571
    1.9258    7.9783
    1.9311    7.9995
    1.9364    8.0208
    1.9417    8.0421
    1.9470    8.0635
    1.9523    8.0849
    1.9576    8.1063
    1.9629    8.1277
    1.9682    8.1493
    1.9735    8.1708
    1.9788    8.1924
    1.9841    8.2140
    1.9894    8.2357
    1.9947    8.2573
    2.0000    8.2791
    2.0054    8.3012
    2.0107    8.3230
    2.0160    8.3448
    2.0213    8.3667
    2.0266    8.3885
    2.0319    8.4104
    2.0372    8.4323
    2.0425    8.4542
    2.0478    8.4762
    2.0531    8.4981
    2.0584    8.5201
    2.0637    8.5420
    2.0690    8.5640
    2.0743    8.5859
    2.0796    8.6079
    2.0849    8.6299
    2.0902    8.6518
    2.0955    8.6737
    2.1008    8.6956
    2.1062    8.7179
    2.1115    8.7397
    2.1168    8.7616
    2.1221    8.7833
    2.1274    8.8051
    2.1327    8.8268
    2.1380    8.8484
    2.1433    8.8700
    2.1486    8.8915
    2.1539    8.9130
    2.1592    8.9343
    2.1645    8.9556
    2.1698    8.9768
    2.1751    8.9980
    2.1804    9.0190
    2.1857    9.0399
    2.1910    9.0608
    2.1963    9.0816
    2.2016    9.1025
    2.2069    9.1234
    2.2123    9.1447
    2.2176    9.1656
    2.2229    9.1866
    2.2282    9.2075
    2.2335    9.2284
    2.2388    9.2493
    2.2441    9.2702
    2.2494    9.2911
    2.2547    9.3120
    2.2600    9.3329
    2.2653    9.3538
    2.2706    9.3747
    2.2759    9.3955
    2.2812    9.4164
    2.2865    9.4372
    2.2918    9.4580
    2.2971    9.4788
    2.3024    9.4995
    2.3077    9.5202
    2.3131    9.5413
    2.3184    9.5620
    2.3237    9.5827
    2.3290    9.6033
    2.3343    9.6239
    2.3396    9.6444
    2.3449    9.6650
    2.3502    9.6855
    2.3555    9.7059
    2.3608    9.7263
    2.3661    9.7467
    2.3714    9.7670
    2.3767    9.7873
    2.3820    9.8076
    2.3873    9.8278
    2.3926    9.8480
    2.3979    9.8681
    2.4032    9.8882
    2.4085    9.9082
    2.4138    9.9282
    2.4192    9.9485
    2.4245    9.9684
    2.4298    9.9882
    2.4351   10.0080
    2.4404   10.0277
    2.4457   10.0474
    2.4510   10.0670
    2.4563   10.0866
    2.4616   10.1061
    2.4669   10.1256
    2.4722   10.1450
    2.4775   10.1644
    2.4828   10.1837
    2.4881   10.2030
    2.4934   10.2222
    2.4987   10.2413
    2.5040   10.2604
    2.5093   10.2794
    2.5146   10.2984
    2.5200   10.3177
    2.5253   10.3366
    2.5306   10.3554
    2.5359   10.3741
    2.5412   10.3928
    2.5465   10.4114
    2.5518   10.4300
    2.5571   10.4486
    2.5624   10.4670
    2.5677   10.4854
    2.5730   10.5038
    2.5783   10.5221
    2.5836   10.5403
    2.5889   10.5585
    2.5942   10.5767
    2.5995   10.5948
    2.6048   10.6128
    2.6101   10.6308
    2.6154   10.6487
    2.6208   10.6669
    2.6261   10.6847
    2.6314   10.7025
    2.6367   10.7202
    2.6420   10.7379
    2.6473   10.7555
    2.6526   10.7731
    2.6579   10.7906
    2.6632   10.8081
    2.6685   10.8255
    2.6738   10.8429
    2.6791   10.8603
    2.6844   10.8776
    2.6897   10.8948
    2.6950   10.9121
    2.7003   10.9293
    2.7056   10.9464
    2.7109   10.9635
    2.7162   10.9806
    2.7215   10.9976
    2.7269   11.0149
    2.7322   11.0319
    2.7375   11.0488
    2.7428   11.0657
    2.7481   11.0826
    2.7534   11.0995
    2.7587   11.1163
    2.7640   11.1331
    2.7693   11.1499
    2.7746   11.1666
    2.7799   11.1834
    2.7852   11.2001
    2.7905   11.2168
    2.7958   11.2335
    2.8011   11.2502
    2.8064   11.2668
    2.8117   11.2835
    2.8170   11.3001
    2.8223   11.3168
    2.8277   11.3337
    2.8330   11.3504
    2.8383   11.3670
    2.8436   11.3836
    2.8489   11.4003
    2.8542   11.4169
    2.8595   11.4336
    2.8648   11.4503
    2.8701   11.4669
    2.8754   11.4836
    2.8807   11.5004
    2.8860   11.5171
    2.8913   11.5339
    2.8966   11.5506
    2.9019   11.5674
    2.9072   11.5843
    2.9125   11.6011
    2.9178   11.6180
    2.9231   11.6349
    2.9285   11.6522
    2.9338   11.6691
    2.9391   11.6860
    2.9444   11.7030
    2.9497   11.7199
    2.9550   11.7368
    2.9603   11.7538
    2.9656   11.7707
    2.9709   11.7876
    2.9762   11.8045
    2.9815   11.8214
    2.9868   11.8382
    2.9921   11.8551
    2.9974   11.8719
    3.0027   11.8887
    3.0080   11.9054
    3.0133   11.9221
    3.0186   11.9388
    3.0239   11.9555
    3.0292   11.9721
    3.0346   11.9890
    3.0399   12.0055
    3.0452   12.0220
    3.0505   12.0384
    3.0558   12.0548
    3.0611   12.0711
    3.0664   12.0874
    3.0717   12.1036
    3.0770   12.1198
    3.0823   12.1359
    3.0876   12.1520
    3.0929   12.1680
    3.0982   12.1839
    3.1035   12.1998
    3.1088   12.2156
    3.1141   12.2313
    3.1194   12.2470
    3.1247   12.2626
    3.1300   12.2781
    3.1354   12.2939
    3.1407   12.3093
    3.1460   12.3246
    3.1513   12.3399
    3.1566   12.3551
    3.1619   12.3702
    3.1672   12.3853
    3.1725   12.4003
    3.1778   12.4152
    3.1831   12.4300
    3.1884   12.4448
    3.1937   12.4595
    3.1990   12.4741
    3.2043   12.4886
    3.2096   12.5031
    3.2149   12.5175
    3.2202   12.5319
    3.2255   12.5461
    3.2308   12.5603
    3.2362   12.5747
    3.2415   12.5888
    3.2468   12.6028
    3.2521   12.6167
    3.2574   12.6306
    3.2627   12.6444
    3.2680   12.6581
    3.2733   12.6718
    3.2786   12.6854
    3.2839   12.6989
    3.2892   12.7124
    3.2945   12.7258
    3.2998   12.7392
    3.3051   12.7525
    3.3104   12.7658
    3.3157   12.7790
    3.3210   12.7922
    3.3263   12.8053
    3.3316   12.8183
    3.3369   12.8314
    3.3423   12.8446
    3.3476   12.8575
    3.3529   12.8704
    3.3582   12.8833
    3.3635   12.8961
    3.3688   12.9089
    3.3741   12.9217
    3.3794   12.9344
    3.3847   12.9471
    3.3900   12.9598
    3.3953   12.9725
    3.4006   12.9852
    3.4059   12.9978
    3.4112   13.0105
    3.4165   13.0231
    3.4218   13.0357
    3.4271   13.0484
    3.4324   13.0610
    3.4377   13.0736
    3.4431   13.0865
    3.4484   13.0992
    3.4537   13.1118
    3.4590   13.1245
    3.4643   13.1372
    3.4696   13.1500
    3.4749   13.1627
    3.4802   13.1755
    3.4855   13.1884
    3.4908   13.2013
    3.4961   13.2142
    3.5014   13.2272
    3.5067   13.2402
    3.5120   13.2533
    3.5173   13.2665
    3.5226   13.2797
    3.5279   13.2930
    3.5332   13.3064
    3.5385   13.3198
    3.5439   13.3336
    3.5492   13.3473
    3.5545   13.3610
    3.5598   13.3747
    3.5651   13.3885
    3.5704   13.4024
    3.5757   13.4163
    3.5810   13.4302
    3.5863   13.4442
    3.5916   13.4582
    3.5969   13.4723
    3.6022   13.4863
    3.6075   13.5005
    3.6128   13.5146
    3.6181   13.5288
    3.6234   13.5431
    3.6287   13.5573
    3.6340   13.5716
    3.6393   13.5859
    3.6446   13.6002
    3.6500   13.6148
    3.6553   13.6292
    3.6606   13.6436
    3.6659   13.6580
    3.6712   13.6724
    3.6765   13.6869
    3.6818   13.7013
    3.6871   13.7158
    3.6924   13.7303
    3.6977   13.7448
    3.7030   13.7593
    3.7083   13.7738
    3.7136   13.7883
    3.7189   13.8028
    3.7242   13.8174
    3.7295   13.8319
    3.7348   13.8464
    3.7401   13.8610
    3.7454   13.8756
    3.7508   13.8904
    3.7561   13.9049
    3.7614   13.9195
    3.7667   13.9341
    3.7720   13.9486
    3.7773   13.9632
    3.7826   13.9777
    3.7879   13.9923
    3.7932   14.0069
    3.7985   14.0214
    3.8038   14.0360
    3.8091   14.0505
    3.8144   14.0651
    3.8197   14.0796
    3.8250   14.0942
    3.8303   14.1087
    3.8356   14.1233
    3.8409   14.1378
    3.8462   14.1524
    3.8515   14.1669
    3.8569   14.1817
    3.8622   14.1963
    3.8675   14.2108
    3.8728   14.2253
    3.8781   14.2398
    3.8834   14.2544
    3.8887   14.2689
    3.8940   14.2834
    3.8993   14.2980
    3.9046   14.3125
    3.9099   14.3270
    3.9152   14.3416
    3.9205   14.3561
    3.9258   14.3706
    3.9311   14.3852
    3.9364   14.3997
    3.9417   14.4143
    3.9470   14.4288
    3.9523   14.4434
    3.9577   14.4582
    3.9630   14.4728
    3.9683   14.4874
    3.9736   14.5020
    3.9789   14.5166
    3.9842   14.5313
    3.9895   14.5459
    3.9948   14.5606
    4.0001   14.5752
    4.0054   14.5899
    4.0107   14.6047
    4.0160   14.6194
    4.0213   14.6341
    4.0266   14.6489
    4.0319   14.6637
    4.0372   14.6785
    4.0425   14.6934
    4.0478   14.7083
    4.0531   14.7232
    4.0585   14.7384
    4.0638   14.7534
    4.0691   14.7684
    4.0744   14.7835
    4.0797   14.7986
    4.0850   14.8137
    4.0903   14.8289
    4.0956   14.8441
    4.1009   14.8594
    4.1062   14.8747
    4.1115   14.8901
    4.1168   14.9055
    4.1221   14.9210
    4.1274   14.9365
    4.1327   14.9520
    4.1380   14.9675
    4.1433   14.9830
    4.1486   14.9985
    4.1539   15.0139
    4.1592   15.0293
    4.1646   15.0450
    4.1699   15.0604
    4.1752   15.0758
    4.1805   15.0911
    4.1858   15.1065
    4.1911   15.1218
    4.1964   15.1372
    4.2017   15.1525
    4.2070   15.1678
    4.2123   15.1831
    4.2176   15.1984
    4.2229   15.2137
    4.2282   15.2290
    4.2335   15.2442
    4.2388   15.2595
    4.2441   15.2748
    4.2494   15.2901
    4.2547   15.3054
    4.2600   15.3206
    4.2654   15.3362
    4.2707   15.3515
    4.2760   15.3667
    4.2813   15.3820
    4.2866   15.3973
    4.2919   15.4126
    4.2972   15.4279
    4.3025   15.4432
    4.3078   15.4585
    4.3131   15.4738
    4.3184   15.4891
    4.3237   15.5044
    4.3290   15.5198
    4.3343   15.5351
    4.3396   15.5505
    4.3449   15.5658
    4.3502   15.5812
    4.3555   15.5965
    4.3608   15.6119
    4.3662   15.6276
    4.3715   15.6430
    4.3768   15.6584
    4.3821   15.6738
    4.3874   15.6893
    4.3927   15.7047
    4.3980   15.7202
    4.4033   15.7356
    4.4086   15.7511
    4.4139   15.7666
    4.4192   15.7821
    4.4245   15.7976
    4.4298   15.8131
    4.4351   15.8287
    4.4404   15.8442
    4.4457   15.8598
    4.4510   15.8754
    4.4563   15.8909
    4.4616   15.9065
    4.4669   15.9221
    4.4723   15.9380
    4.4776   15.9537
    4.4829   15.9693
    4.4882   15.9850
    4.4935   16.0006
    4.4988   16.0163
    4.5041   16.0320
    4.5094   16.0477
    4.5147   16.0634
    4.5200   16.0791
    4.5253   16.0948
    4.5306   16.1105
    4.5359   16.1263
    4.5412   16.1420
    4.5465   16.1578
    4.5518   16.1735
    4.5571   16.1893
    4.5624   16.2051
    4.5677   16.2208
    4.5731   16.2369
    4.5784   16.2527
    4.5837   16.2685
    4.5890   16.2843
    4.5943   16.3001
    4.5996   16.3159
    4.6049   16.3317
    4.6102   16.3475
    4.6155   16.3633
    4.6208   16.3791
    4.6261   16.3949
    4.6314   16.4107
    4.6367   16.4265
    4.6420   16.4423
    4.6473   16.4581
    4.6526   16.4739
    4.6579   16.4897
    4.6632   16.5054
    4.6685   16.5212
    4.6739   16.5373
    4.6792   16.5530
    4.6845   16.5688
    4.6898   16.5845
    4.6951   16.6002
    4.7004   16.6159
    4.7057   16.6316
    4.7110   16.6473
    4.7163   16.6629
    4.7216   16.6786
    4.7269   16.6942
    4.7322   16.7098
    4.7375   16.7254
    4.7428   16.7409
    4.7481   16.7565
    4.7534   16.7720
    4.7587   16.7875
    4.7640   16.8029
    4.7693   16.8184
    4.7746   16.8338
    4.7800   16.8494
    4.7853   16.8648
    4.7906   16.8801
    4.7959   16.8953
    4.8012   16.9106
    4.8065   16.9258
    4.8118   16.9409
    4.8171   16.9561
    4.8224   16.9711
    4.8277   16.9862
    4.8330   17.0012
    4.8383   17.0161
    4.8436   17.0310
    4.8489   17.0459
    4.8542   17.0607
    4.8595   17.0756
    4.8648   17.0905
    4.8701   17.1054
    4.8754   17.1202
    4.8808   17.1353
    4.8861   17.1502
    4.8914   17.1650
    4.8967   17.1798
    4.9020   17.1946
    4.9073   17.2094
    4.9126   17.2242
    4.9179   17.2389
    4.9232   17.2537
    4.9285   17.2684
    4.9338   17.2831
    4.9391   17.2977
    4.9444   17.3124
    4.9497   17.3270
    4.9550   17.3416
    4.9603   17.3561
    4.9656   17.3707
    4.9709   17.3852
    4.9762   17.3997
    4.9815   17.4141
    4.9869   17.4288
    4.9922   17.4432
    4.9975   17.4575
    5.0028   17.4718
    5.0081   17.4861
    5.0134   17.5003
    5.0187   17.5145
    5.0240   17.5287
    5.0293   17.5428
    5.0346   17.5569
    5.0399   17.5709
    5.0452   17.5849
    5.0505   17.5989
    5.0558   17.6128
    5.0611   17.6267
    5.0664   17.6405
    5.0717   17.6543
    5.0770   17.6681
    5.0823   17.6818
    5.0877   17.6957
    5.0930   17.7093
    5.0983   17.7229
    5.1036   17.7364
    5.1089   17.7499
    5.1142   17.7634
    5.1195   17.7768
    5.1248   17.7901
    5.1301   17.8034
    5.1354   17.8167
    5.1407   17.8299
    5.1460   17.8431
    5.1513   17.8562
    5.1566   17.8693
    5.1619   17.8823
    5.1672   17.8953
    5.1725   17.9083
    5.1778   17.9212
    5.1831   17.9341
    5.1885   17.9471
    5.1938   17.9599
    5.1991   17.9726
    5.2044   17.9853
    5.2097   17.9980
    5.2150   18.0106
    5.2203   18.0232
    5.2256   18.0357
    5.2309   18.0482
    5.2362   18.0606
    5.2415   18.0731
    5.2468   18.0854
    5.2521   18.0978
    5.2574   18.1101
    5.2627   18.1224
    5.2680   18.1346
    5.2733   18.1468
    5.2786   18.1590
    5.2839   18.1711
    5.2892   18.1832
    5.2946   18.1955
    5.2999   18.2075
    5.3052   18.2196
    5.3105   18.2316
    5.3158   18.2435
    5.3211   18.2555
    5.3264   18.2674
    5.3317   18.2793
    5.3370   18.2911
    5.3423   18.3030
    5.3476   18.3148
    5.3529   18.3266
    5.3582   18.3384
    5.3635   18.3502
    5.3688   18.3620
    5.3741   18.3738
    5.3794   18.3855
    5.3847   18.3973
    5.3900   18.4090
    5.3954   18.4209
    5.4007   18.4327
    5.4060   18.4444
    5.4113   18.4561
    5.4166   18.4678
    5.4219   18.4796
    5.4272   18.4913
    5.4325   18.5030
    5.4378   18.5148
    5.4431   18.5265
    5.4484   18.5383
    5.4537   18.5501
    5.4590   18.5619
    5.4643   18.5737
    5.4696   18.5855
    5.4749   18.5973
    5.4802   18.6092
    5.4855   18.6211
    5.4908   18.6331
    5.4962   18.6452
    5.5015   18.6572
    5.5068   18.6693
    5.5121   18.6813
    5.5174   18.6934
    5.5227   18.7056
    5.5280   18.7178
    5.5333   18.7300
    5.5386   18.7423
    5.5439   18.7546
    5.5492   18.7670
    5.5545   18.7795
    5.5598   18.7920
    5.5651   18.8045
    5.5704   18.8172
    5.5757   18.8299
    5.5810   18.8426
    5.5863   18.8555
    5.5916   18.8684
    5.5969   18.8814
    5.6023   18.8947
    5.6076   18.9077
    5.6129   18.9208
    5.6182   18.9339
    5.6235   18.9469
    5.6288   18.9600
    5.6341   18.9732
    5.6394   18.9863
    5.6447   18.9994
    5.6500   19.0126
    5.6553   19.0257
    5.6606   19.0389
    5.6659   19.0521
    5.6712   19.0653
    5.6765   19.0785
    5.6818   19.0917
    5.6871   19.1049
    5.6924   19.1181
    5.6977   19.1313
    5.7031   19.1448
    5.7084   19.1580
    5.7137   19.1713
    5.7190   19.1845
    5.7243   19.1978
    5.7296   19.2110
    5.7349   19.2243
    5.7402   19.2375
    5.7455   19.2508
    5.7508   19.2641
    5.7561   19.2774
    5.7614   19.2906
    5.7667   19.3039
    5.7720   19.3172
    5.7773   19.3305
    5.7826   19.3437
    5.7879   19.3570
    5.7932   19.3703
    5.7985   19.3836
    5.8039   19.3971
    5.8092   19.4104
    5.8145   19.4236
    5.8198   19.4369
    5.8251   19.4502
    5.8304   19.4634
    5.8357   19.4767
    5.8410   19.4900
    5.8463   19.5032
    5.8516   19.5165
    5.8569   19.5297
    5.8622   19.5430
    5.8675   19.5562
    5.8728   19.5694
    5.8781   19.5826
    5.8834   19.5959
    5.8887   19.6091
    5.8940   19.6223
    5.8993   19.6355
    5.9046   19.6487
    5.9100   19.6621
    5.9153   19.6753
    5.9206   19.6884
    5.9259   19.7016
    5.9312   19.7148
    5.9365   19.7279
    5.9418   19.7410
    5.9471   19.7541
    5.9524   19.7673
    5.9577   19.7804
    5.9630   19.7934
    5.9683   19.8065
    5.9736   19.8196
    5.9789   19.8326
    5.9842   19.8457
    5.9895   19.8587
    5.9948   19.8717
    6.0001   19.8847
    6.0054   19.8977
    6.0108   19.9110
    6.0161   19.9239
    6.0214   19.9369
    6.0267   19.9498
    6.0320   19.9627
    6.0373   19.9756
    6.0426   19.9885
    6.0479   20.0014
    6.0532   20.0143
    6.0585   20.0271
    6.0638   20.0400
    6.0691   20.0528
    6.0744   20.0656
    6.0797   20.0784
    6.0850   20.0911
    6.0903   20.1039
    6.0956   20.1166
    6.1009   20.1294
    6.1062   20.1421
    6.1115   20.1547
    6.1169   20.1676
    6.1222   20.1803
    6.1275   20.1929
    6.1328   20.2055
    6.1381   20.2181
    6.1434   20.2307
    6.1487   20.2433
    6.1540   20.2558
    6.1593   20.2683
    6.1646   20.2808
    6.1699   20.2933
    6.1752   20.3057
    6.1805   20.3182
    6.1858   20.3306
    6.1911   20.3430
    6.1964   20.3554
    6.2017   20.3677
    6.2070   20.3800
    6.2123   20.3924
    6.2177   20.4049
    6.2230   20.4172
    6.2283   20.4294
    6.2336   20.4416
    6.2389   20.4538
    6.2442   20.4660
    6.2495   20.4782
    6.2548   20.4903
    6.2601   20.5024
    6.2654   20.5145
    6.2707   20.5266
    6.2760   20.5386
    6.2813   20.5507
    6.2866   20.5627
    6.2919   20.5746
    6.2972   20.5866
    6.3025   20.5985
    6.3078   20.6105
    6.3131   20.6224
    6.3185   20.6345
    6.3238   20.6464
    6.3291   20.6583
    6.3344   20.6702
    6.3397   20.6821
    6.3450   20.6940
    6.3503   20.7058
    6.3556   20.7177
    6.3609   20.7295
    6.3662   20.7413
    6.3715   20.7531
    6.3768   20.7649
    6.3821   20.7767
    6.3874   20.7884
    6.3927   20.8002
    6.3980   20.8120
    6.4033   20.8237
    6.4086   20.8354
    6.4139   20.8471
    6.4192   20.8588
    6.4246   20.8707
    6.4299   20.8824
    6.4352   20.8941
    6.4405   20.9057
    6.4458   20.9173
    6.4511   20.9290
    6.4564   20.9406
    6.4617   20.9522
    6.4670   20.9638
    6.4723   20.9753
    6.4776   20.9869
    6.4829   20.9985
    6.4882   21.0100
    6.4935   21.0215
    6.4988   21.0330
    6.5041   21.0445
    6.5094   21.0560
    6.5147   21.0675
    6.5200   21.0789
    6.5254   21.0906
    6.5307   21.1020
    6.5360   21.1134
    6.5413   21.1248
    6.5466   21.1362
    6.5519   21.1476
    6.5572   21.1590
    6.5625   21.1703
    6.5678   21.1816
    6.5731   21.1930
    6.5784   21.2043
    6.5837   21.2156
    6.5890   21.2269
    6.5943   21.2381
    6.5996   21.2494
    6.6049   21.2606
    6.6102   21.2718
    6.6155   21.2831
    6.6208   21.2943
    6.6262   21.3057
    6.6315   21.3168
    6.6368   21.3280
    6.6421   21.3391
    6.6474   21.3503
    6.6527   21.3614
    6.6580   21.3725
    6.6633   21.3836
    6.6686   21.3946
    6.6739   21.4057
    6.6792   21.4168
    6.6845   21.4278
    6.6898   21.4388
    6.6951   21.4498
    6.7004   21.4608
    6.7057   21.4718
    6.7110   21.4828
    6.7163   21.4937
    6.7216   21.5047
    6.7269   21.5156
    6.7323   21.5267
    6.7376   21.5376
    6.7429   21.5485
    6.7482   21.5594
    6.7535   21.5702
    6.7588   21.5811
    6.7641   21.5919
    6.7694   21.6027
    6.7747   21.6135
    6.7800   21.6243
    6.7853   21.6351
    6.7906   21.6459
    6.7959   21.6566
    6.8012   21.6674
    6.8065   21.6781
    6.8118   21.6888
    6.8171   21.6995
    6.8224   21.7102
    6.8277   21.7209
    6.8331   21.7318
    6.8384   21.7424
    6.8437   21.7531
    6.8490   21.7637
    6.8543   21.7743
    6.8596   21.7849
    6.8649   21.7955
    6.8702   21.8061
    6.8755   21.8166
    6.8808   21.8272
    6.8861   21.8377
    6.8914   21.8483
    6.8967   21.8588
    6.9020   21.8693
    6.9073   21.8798
    6.9126   21.8903
    6.9179   21.9008
    6.9232   21.9112
    6.9285   21.9217
    6.9339   21.9323
    6.9392   21.9427
    6.9445   21.9532
    6.9498   21.9636
    6.9551   21.9740
    6.9604   21.9843
    6.9657   21.9947
    6.9710   22.0051
    6.9763   22.0154
    6.9816   22.0258
    6.9869   22.0361
    6.9922   22.0464
    6.9975   22.0568
    7.0028   22.0671
    7.0081   22.0774
    7.0134   22.0876
    7.0187   22.0979
    7.0240   22.1082
    7.0293   22.1184
    7.0346   22.1287
    7.0400   22.1391
    7.0453   22.1494
    7.0506   22.1596
    7.0559   22.1698
    7.0612   22.1800
    7.0665   22.1902
    7.0718   22.2004
    7.0771   22.2107
    7.0824   22.2209
    7.0877   22.2311
    7.0930   22.2413
    7.0983   22.2514
    7.1036   22.2616
    7.1089   22.2718
    7.1142   22.2819
    7.1195   22.2921
    7.1248   22.3022
    7.1301   22.3123
    7.1354   22.3225
    7.1408   22.3327
    7.1461   22.3428
    7.1514   22.3529
    7.1567   22.3629
    7.1620   22.3730
    7.1673   22.3830
    7.1726   22.3930
    7.1779   22.4030
    7.1832   22.4130
    7.1885   22.4229
    7.1938   22.4329
    7.1991   22.4428
    7.2044   22.4527
    7.2097   22.4626
    7.2150   22.4724
    7.2203   22.4822
    7.2256   22.4921
    7.2309   22.5018
    7.2362   22.5116
    7.2415   22.5214
    7.2469   22.5313
    7.2522   22.5410
    7.2575   22.5507
    7.2628   22.5603
    7.2681   22.5699
    7.2734   22.5796
    7.2787   22.5891
    7.2840   22.5987
    7.2893   22.6082
    7.2946   22.6177
    7.2999   22.6272
    7.3052   22.6367
    7.3105   22.6461
    7.3158   22.6555
    7.3211   22.6649
    7.3264   22.6743
    7.3317   22.6836
    7.3370   22.6929
    7.3423   22.7022
    7.3477   22.7117
    7.3530   22.7209
    7.3583   22.7301
    7.3636   22.7393
    7.3689   22.7484
    7.3742   22.7576
    7.3795   22.7667
    7.3848   22.7758
    7.3901   22.7848
    7.3954   22.7939
    7.4007   22.8029
    7.4060   22.8119
    7.4113   22.8208
    7.4166   22.8298
    7.4219   22.8387
    7.4272   22.8476
    7.4325   22.8564
    7.4378   22.8653
    7.4431   22.8741
    7.4485   22.8831
    7.4538   22.8918
    7.4591   22.9006
    7.4644   22.9093
    7.4697   22.9180
    7.4750   22.9267
    7.4803   22.9354
    7.4856   22.9441
    7.4909   22.9527
    7.4962   22.9613
    7.5015   22.9699
    7.5068   22.9785
    7.5121   22.9870
    7.5174   22.9956
    7.5227   23.0041
    7.5280   23.0126
    7.5333   23.0211
    7.5386   23.0296
    7.5439   23.0381
    7.5492   23.0465
    7.5546   23.0551
    7.5599   23.0636
    7.5652   23.0720
    7.5705   23.0804
    7.5758   23.0888
    7.5811   23.0972
    7.5864   23.1056
    7.5917   23.1140
    7.5970   23.1223
    7.6023   23.1307
    7.6076   23.1390
    7.6129   23.1474
    7.6182   23.1557
    7.6235   23.1641
    7.6288   23.1724
    7.6341   23.1808
    7.6394   23.1891
    7.6447   23.1974
    7.6500   23.2058
    7.6554   23.2143
    7.6607   23.2226
    7.6660   23.2310
    7.6713   23.2393
    7.6766   23.2477
    7.6819   23.2561
    7.6872   23.2644
    7.6925   23.2728
    7.6978   23.2812
    7.7031   23.2896
    7.7084   23.2981
    7.7137   23.3065
    7.7190   23.3150
    7.7243   23.3234
    7.7296   23.3319
    7.7349   23.3404
    7.7402   23.3490
    7.7455   23.3575
    7.7508   23.3661
    7.7562   23.3748
    7.7615   23.3834
    7.7668   23.3921
    7.7721   23.4008
    7.7774   23.4095
    7.7827   23.4182
    7.7880   23.4269
    7.7933   23.4357
    7.7986   23.4446
    7.8039   23.4534
    7.8092   23.4621
    7.8145   23.4707
    7.8198   23.4792
    7.8251   23.4876
    7.8304   23.4960
    7.8357   23.5044
    7.8410   23.5127
    7.8463   23.5211
    7.8516   23.5296
    7.8569   23.5380
    7.8623   23.5467
    7.8676   23.5553
    7.8729   23.5640
    7.8782   23.5727
    7.8835   23.5816
    7.8888   23.5905
    7.8941   23.5996
    7.8994   23.6087
    7.9047   23.6180
    7.9100   23.6273
    7.9153   23.6367
    7.9206   23.6462
    7.9259   23.6558
    7.9312   23.6655
    7.9365   23.6752
    7.9418   23.6849
    7.9471   23.6947
    7.9524   23.7045
    7.9577   23.7143
    7.9631   23.7243
    7.9684   23.7340
    7.9737   23.7437
    7.9790   23.7532
    7.9843   23.7627
    7.9896   23.7720
    7.9949   23.7811
    8.0002   23.7901