    0.4509    0.0219
    0.4562    0.0437
    0.4615    0.0655
    0.4669    0.0873
    0.4722    0.1091
    0.4775    0.1308
    0.4828    0.1525
    0.4881    0.1741
    0.4934    0.1958
    0.4987    0.2174
    0.5040    0.2389
    0.5093    0.2605
    0.5146    0.2820
    0.5199    0.3034
    0.5252    0.3249
    0.5305    0.3463
    0.5358    0.3677
    0.5411    0.3890
    0.5464    0.4103
    0.5517    0.4316
    0.5570    0.4528
    0.5623    0.4741
    0.5677    0.4952
    0.5730    0.5164
    0.5783    0.5375
    0.5836    0.5586
    0.5889    0.5797
    0.5942    0.6007
    0.5995    0.6217
    0.6048    0.6427
    0.6101    0.6636
    0.6154    0.6846
    0.6207    0.7054
    0.6260    0.7263
    0.6313    0.7471
    0.6366    0.7679
    0.6419    0.7887
    0.6472    0.8094
    0.6525    0.8301
    0.6578    0.8508
    0.6631    0.8714
    0.6685    0.8920
    0.6738    0.9126
    0.6791    0.9331
    0.6844    0.9537
    0.6897    0.9741
    0.6950    0.9946
    0.7003    1.0150
    0.7056    1.0354
    0.7109    1.0558
    0.7162    1.0761
    0.7215    1.0965
    0.7268    1.1167
    0.7321    1.1370
    0.7374    1.1572
    0.7427    1.1774
    0.7480    1.1976
    0.7533    1.2177
    0.7586    1.2378
    0.7639    1.2579
    0.7692    1.2779
    0.7746    1.2979
    0.7799    1.3179
    0.7852    1.3379
    0.7905    1.3578
    0.7958    1.3777
    0.8011    1.3976
    0.8064    1.4174
    0.8117    1.4372
    0.8170    1.4570
    0.8223    1.4768
    0.8276    1.4965
    0.8329    1.5162
    0.8382    1.5359
    0.8435    1.5555
    0.8488    1.5751
    0.8541    1.5947
    0.8594    1.6143
    0.8647    1.6338
    0.8700    1.6533
    0.8754    1.6727
    0.8807    1.6922
    0.8860    1.7116
    0.8913    1.7310
    0.8966    1.7503
    0.9019    1.7697
    0.9072    1.7890
    0.9125    1.8082
    0.9178    1.8275
    0.9231    1.8467
    0.9284    1.8659
    0.9337    1.8850
    0.9390    1.9042
    0.9443    1.9233
    0.9496    1.9423
    0.9549    1.9614
    0.9602    1.9804
    0.9655    1.9994
    0.9708    2.0184
    0.9762    2.0373
    0.9815    2.0562
    0.9868    2.0751
    0.9921    2.0939
    0.9974    2.1128
    1.0027    2.1316
    1.0080    2.1503
    1.0133    2.1691
    1.0186    2.1878
    1.0239    2.2065
    1.0292    2.2251
    1.0345    2.2438
    1.0398    2.2624
    1.0451    2.2810
    1.0504    2.2995
    1.0557    2.3180
    1.0610    2.3365
    1.0663    2.3550
    1.0716    2.3735
    1.0769    2.3919
    1.0823    2.4103
    1.0876    2.4286
    1.0929    2.4470
    1.0982    2.4653
    1.1035    2.4836
    1.1088    2.5018
    1.1141    2.5200
    1.1194    2.5383
    1.1247    2.5564
    1.1300    2.5746
    1.1353    2.5927
    1.1406    2.6108
    1.1459    2.6289
    1.1512    2.6469
    1.1565    2.6649
    1.1618    2.6829
    1.1671    2.7009
    1.1724    2.7188
    1.1777    2.7368
    1.1831    2.7546
    1.1884    2.7725
    1.1937    2.7903
    1.1990    2.8081
    1.2043    2.8259
    1.2096    2.8437
    1.2149    2.8614
    1.2202    2.8791
    1.2255    2.8968
    1.2308    2.9145
    1.2361    2.9321
    1.2414    2.9497
    1.2467    2.9673
    1.2520    2.9848
    1.2573    3.0024
    1.2626    3.0199
    1.2679    3.0373
    1.2732    3.0548
    1.2785    3.0722
    1.2838    3.0896
    1.2892    3.1070
    1.2945    3.1243
    1.2998    3.1416
    1.3051    3.1589
    1.3104    3.1762
    1.3157    3.1935
    1.3210    3.2107
    1.3263    3.2279
    1.3316    3.2451
    1.3369    3.2622
    1.3422    3.2793
    1.3475    3.2964
    1.3528    3.3135
    1.3581    3.3305
    1.3634    3.3476
    1.3687    3.3646
    1.3740    3.3815
    1.3793    3.3985
    1.3846    3.4154
    1.3900    3.4323
    1.3953    3.4492
    1.4006    3.4660
    1.4059    3.4828
    1.4112    3.4996
    1.4165    3.5164
    1.4218    3.5332
    1.4271    3.5499
    1.4324    3.5666
    1.4377    3.5833
    1.4430    3.5999
    1.4483    3.6166
    1.4536    3.6332
    1.4589    3.6497
    1.4642    3.6663
    1.4695    3.6828
    1.4748    3.6993
    1.4801    3.7158
    1.4854    3.7323
    1.4908    3.7487
    1.4961    3.7651
    1.5014    3.7815
    1.5067    3.7979
    1.5120    3.8142
    1.5173    3.8305
    1.5226    3.8468
    1.5279    3.8631
    1.5332    3.8793
    1.5385    3.8956
    1.5438    3.9118
    1.5491    3.9279
    1.5544    3.9441
    1.5597    3.9602
    1.5650    3.9763
    1.5703    3.9924
    1.5756    4.0085
    1.5809    4.0245
    1.5862    4.0405
    1.5915    4.0565
    1.5969    4.0724
    1.6022    4.0884
    1.6075    4.1043
    1.6128    4.1202
    1.6181    4.1361
    1.6234    4.1519
    1.6287    4.1677
    1.6340    4.1835
    1.6393    4.1993
    1.6446    4.2151
    1.6499    4.2308
    1.6552    4.2465
    1.6605    4.2622
    1.6658    4.2779
    1.6711    4.2935
    1.6764    4.3091
    1.6817    4.3247
    1.6870    4.3403
    1.6923    4.3558
    1.6977    4.3714
    1.7030    4.3869
    1.7083    4.4023
    1.7136    4.4178
    1.7189    4.4332
    1.7242    4.4487
    1.7295    4.4640
    1.7348    4.4794
    1.7401    4.4948
    1.7454    4.5101
    1.7507    4.5254
    1.7560    4.5407
    1.7613    4.5559
    1.7666    4.5712
    1.7719    4.5864
    1.7772    4.6016
    1.7825    4.6167
    1.7878    4.6319
    1.7931    4.6470
    1.7985    4.6621
    1.8038    4.6772
    1.8091    4.6922
    1.8144    4.7073
    1.8197    4.7223
    1.8250    4.7373
    1.8303    4.7522
    1.8356    4.7672
    1.8409    4.7821
    1.8462    4.7970
    1.8515    4.8119
    1.8568    4.8268
    1.8621    4.8416
    1.8674    4.8564
    1.8727    4.8712
    1.8780    4.8860
    1.8833    4.9007
    1.8886    4.9155
    1.8939    4.9302
    1.8992    4.9449
    1.9046    4.9595
    1.9099    4.9742
    1.9152    4.9888
    1.9205    5.0034
    1.9258    5.0180
    1.9311    5.0326
    1.9364    5.0471
    1.9417    5.0616
    1.9470    5.0761
    1.9523    5.0906
    1.9576    5.1050
    1.9629    5.1195
    1.9682    5.1339
    1.9735    5.1483
    1.9788    5.1626
    1.9841    5.1770
    1.9894    5.1913
    1.9947    5.2056
    2.0000    5.2199
    2.0054    5.2342
    2.0107    5.2484
    2.0160    5.2627
    2.0213    5.2769
    2.0266    5.2910
    2.0319    5.3052
    2.0372    5.3193
    2.0425    5.3335
    2.0478    5.3476
    2.0531    5.3616
    2.0584    5.3757
    2.0637    5.3897
    2.0690    5.4038
    2.0743    5.4178
    2.0796    5.4317
    2.0849    5.4457
    2.0902    5.4596
    2.0955    5.4735
    2.1008    5.4874
    2.1062    5.5013
    2.1115    5.5152
    2.1168    5.5290
    2.1221    5.5428
    2.1274    5.5566
    2.1327    5.5704
    2.1380    5.5841
    2.1433    5.5979
    2.1486    5.6116
    2.1539    5.6253
    2.1592    5.6390
    2.1645    5.6526
    2.1698    5.6663
    2.1751    5.6799
    2.1804    5.6935
    2.1857    5.7070
    2.1910    5.7206
    2.1963    5.7341
    2.2016    5.7476
    2.2069    5.7611
    2.2123    5.7746
    2.2176    5.7881
    2.2229    5.8015
    2.2282    5.8149
    2.2335    5.8283
    2.2388    5.8417
    2.2441    5.8551
    2.2494    5.8684
    2.2547    5.8817
    2.2600    5.8950
    2.2653    5.9083
    2.2706    5.9216
    2.2759    5.9348
    2.2812    5.9480
    2.2865    5.9612
    2.2918    5.9744
    2.2971    5.9876
    2.3024    6.0007
    2.3077    6.0139
    2.3131    6.0270
    2.3184    6.0401
    2.3237    6.0531
    2.3290    6.0662
    2.3343    6.0792
    2.3396    6.0922
    2.3449    6.1052
    2.3502    6.1182
    2.3555    6.1311
    2.3608    6.1441
    2.3661    6.1570
    2.3714    6.1699
    2.3767    6.1828
    2.3820    6.1956
    2.3873    6.2085
    2.3926    6.2213
    2.3979    6.2341
    2.4032    6.2469
    2.4085    6.2597
    2.4138    6.2724
    2.4192    6.2852
    2.4245    6.2979
    2.4298    6.3106
    2.4351    6.3232
    2.4404    6.3359
    2.4457    6.3485
    2.4510    6.3611
    2.4563    6.3737
    2.4616    6.3863
    2.4669    6.3989
    2.4722    6.4114
    2.4775    6.4240
    2.4828    6.4365
    2.4881    6.4490
    2.4934    6.4614
    2.4987    6.4739
    2.5040    6.4863
    2.5093    6.4988
    2.5146    6.5112
    2.5200    6.5235
    2.5253    6.5359
    2.5306    6.5482
    2.5359    6.5606
    2.5412    6.5729
    2.5465    6.5852
    2.5518    6.5975
    2.5571    6.6097
    2.5624    6.6219
    2.5677    6.6342
    2.5730    6.6464
    2.5783    6.6586
    2.5836    6.6707
    2.5889    6.6829
    2.5942    6.6950
    2.5995    6.7071
    2.6048    6.7192
    2.6101    6.7313
    2.6154    6.7434
    2.6208    6.7554
    2.6261    6.7674
    2.6314    6.7794
    2.6367    6.7914
    2.6420    6.8034
    2.6473    6.8154
    2.6526    6.8273
    2.6579    6.8392
    2.6632    6.8511
    2.6685    6.8630
    2.6738    6.8749
    2.6791    6.8867
    2.6844    6.8986
    2.6897    6.9104
    2.6950    6.9222
    2.7003    6.9340
    2.7056    6.9457
    2.7109    6.9575
    2.7162    6.9692
    2.7215    6.9809
    2.7269    6.9926
    2.7322    7.0043
    2.7375    7.0160
    2.7428    7.0276
    2.7481    7.0392
    2.7534    7.0508
    2.7587    7.0624
    2.7640    7.0740
    2.7693    7.0856
    2.7746    7.0971
    2.7799    7.1087
    2.7852    7.1202
    2.7905    7.1317
    2.7958    7.1431
    2.8011    7.1546
    2.8064    7.1660
    2.8117    7.1775
    2.8170    7.1889
    2.8223    7.2003
    2.8277    7.2117
    2.8330    7.2230
    2.8383    7.2344
    2.8436    7.2457
    2.8489    7.2570
    2.8542    7.2683
    2.8595    7.2796
    2.8648    7.2908
    2.8701    7.3021
    2.8754    7.3133
    2.8807    7.3245
    2.8860    7.3357
    2.8913    7.3469
    2.8966    7.3581
    2.9019    7.3692
    2.9072    7.3803
    2.9125    7.3914
    2.9178    7.4025
    2.9231    7.4136
    2.9285    7.4247
    2.9338    7.4357
    2.9391    7.4468
    2.9444    7.4578
    2.9497    7.4688
    2.9550    7.4798
    2.9603    7.4908
    2.9656    7.5017
    2.9709    7.5126
    2.9762    7.5236
    2.9815    7.5345
    2.9868    7.5454
    2.9921    7.5562
    2.9974    7.5671
    3.0027    7.5779
    3.0080    7.5888
    3.0133    7.5996
    3.0186    7.6104
    3.0239    7.6211
    3.0292    7.6319
    3.0346    7.6427
    3.0399    7.6534
    3.0452    7.6641
    3.0505    7.6748
    3.0558    7.6855
    3.0611    7.6962
    3.0664    7.7068
    3.0717    7.7175
    3.0770    7.7281
    3.0823    7.7387
    3.0876    7.7493
    3.0929    7.7598
    3.0982    7.7704
    3.1035    7.7810
    3.1088    7.7915
    3.1141    7.8020
    3.1194    7.8125
    3.1247    7.8230
    3.1300    7.8335
    3.1354    7.8439
    3.1407    7.8543
    3.1460    7.8648
    3.1513    7.8752
    3.1566    7.8856
    3.1619    7.8959
    3.1672    7.9063
    3.1725    7.9167
    3.1778    7.9270
    3.1831    7.9373
    3.1884    7.9476
    3.1937    7.9579
    3.1990    7.9682
    3.2043    7.9784
    3.2096    7.9887
    3.2149    7.9989
    3.2202    8.0091
    3.2255    8.0193
    3.2308    8.0295
    3.2362    8.0397
    3.2415    8.0498
    3.2468    8.0599
    3.2521    8.0701
    3.2574    8.0802
    3.2627    8.0903
    3.2680    8.1003
    3.2733    8.1104
    3.2786    8.1205
    3.2839    8.1305
    3.2892    8.1405
    3.2945    8.1505
    3.2998    8.1605
    3.3051    8.1705
    3.3104    8.1805
    3.3157    8.1904
    3.3210    8.2003
    3.3263    8.2103
    3.3316    8.2202
    3.3369    8.2300
    3.3423    8.2399
    3.3476    8.2498
    3.3529    8.2596
    3.3582    8.2695
    3.3635    8.2793
    3.3688    8.2891
    3.3741    8.2989
    3.3794    8.3086
    3.3847    8.3184
    3.3900    8.3282
    3.3953    8.3379
    3.4006    8.3476
    3.4059    8.3573
    3.4112    8.3670
    3.4165    8.3767
    3.4218    8.3863
    3.4271    8.3960
    3.4324    8.4056
    3.4377    8.4152
    3.4431    8.4248
    3.4484    8.4344
    3.4537    8.4440
    3.4590    8.4536
    3.4643    8.4631
    3.4696    8.4727
    3.4749    8.4822
    3.4802    8.4917
    3.4855    8.5012
    3.4908    8.5107
    3.4961    8.5201
    3.5014    8.5296
    3.5067    8.5390
    3.5120    8.5484
    3.5173    8.5578
    3.5226    8.5672
    3.5279    8.5766
    3.5332    8.5860
    3.5385    8.5953
    3.5439    8.6047
    3.5492    8.6140
    3.5545    8.6233
    3.5598    8.6326
    3.5651    8.6419
    3.5704    8.6512
    3.5757    8.6605
    3.5810    8.6697
    3.5863    8.6789
    3.5916    8.6882
    3.5969    8.6974
    3.6022    8.7066
    3.6075    8.7157
    3.6128    8.7249
    3.6181    8.7341
    3.6234    8.7432
    3.6287    8.7523
    3.6340    8.7614
    3.6393    8.7705
    3.6446    8.7796
    3.6500    8.7887
    3.6553    8.7978
    3.6606    8.8068
    3.6659    8.8158
    3.6712    8.8249
    3.6765    8.8339
    3.6818    8.8429
    3.6871    8.8518
    3.6924    8.8608
    3.6977    8.8698
    3.7030    8.8787
    3.7083    8.8876
    3.7136    8.8966
    3.7189    8.9055
    3.7242    8.9144
    3.7295    8.9232
    3.7348    8.9321
    3.7401    8.9409
    3.7454    8.9498
    3.7508    8.9586
    3.7561    8.9674
    3.7614    8.9762
    3.7667    8.9850
    3.7720    8.9938
    3.7773    9.0025
    3.7826    9.0113
    3.7879    9.0200
    3.7932    9.0287
    3.7985    9.0375
    3.8038    9.0462
    3.8091    9.0548
    3.8144    9.0635
    3.8197    9.0722
    3.8250    9.0808
    3.8303    9.0895
    3.8356    9.0981
    3.8409    9.1067
    3.8462    9.1153
    3.8515    9.1239
    3.8569    9.1324
    3.8622    9.1410
    3.8675    9.1495
    3.8728    9.1581
    3.8781    9.1666
    3.8834    9.1751
    3.8887    9.1836
    3.8940    9.1921
    3.8993    9.2006
    3.9046    9.2090
    3.9099    9.2175
    3.9152    9.2259
    3.9205    9.2343
    3.9258    9.2427
    3.9311    9.2511
    3.9364    9.2595
    3.9417    9.2679
    3.9470    9.2762
    3.9523    9.2846
    3.9577    9.2929
    3.9630    9.3013
    3.9683    9.3096
    3.9736    9.3179
    3.9789    9.3262
    3.9842    9.3344
    3.9895    9.3427
    3.9948    9.3510
    4.0001    9.3592
    4.0054    9.3674
    4.0107    9.3756
    4.0160    9.3838
    4.0213    9.3920
    4.0266    9.4002
    4.0319    9.4084
    4.0372    9.4165
    4.0425    9.4247
    4.0478    9.4328
    4.0531    9.4409
    4.0585    9.4490
    4.0638    9.4571
    4.0691    9.4652
    4.0744    9.4733
    4.0797    9.4814
    4.0850    9.4894
    4.0903    9.4974
    4.0956    9.5055
    4.1009    9.5135
    4.1062    9.5215
    4.1115    9.5295
    4.1168    9.5375
    4.1221    9.5454
    4.1274    9.5534
    4.1327    9.5613
    4.1380    9.5693
    4.1433    9.5772
    4.1486    9.5851
    4.1539    9.5930
    4.1592    9.6009
    4.1646    9.6088
    4.1699    9.6166
    4.1752    9.6245
    4.1805    9.6323
    4.1858    9.6401
    4.1911    9.6480
    4.1964    9.6558
    4.2017    9.6636
    4.2070    9.6714
    4.2123    9.6791
    4.2176    9.6869
    4.2229    9.6946
    4.2282    9.7024
    4.2335    9.7101
    4.2388    9.7178
    4.2441    9.7255
    4.2494    9.7332
    4.2547    9.7409
    4.2600    9.7486
    4.2654    9.7562
    4.2707    9.7639
    4.2760    9.7715
    4.2813    9.7791
    4.2866    9.7868
    4.2919    9.7944
    4.2972    9.8020
    4.3025    9.8095
    4.3078    9.8171
    4.3131    9.8247
    4.3184    9.8322
    4.3237    9.8398
    4.3290    9.8473
    4.3343    9.8548
    4.3396    9.8623
    4.3449    9.8698
    4.3502    9.8773
    4.3555    9.8848
    4.3608    9.8922
    4.3662    9.8997
    4.3715    9.9071
    4.3768    9.9145
    4.3821    9.9220
    4.3874    9.9294
    4.3927    9.9368
    4.3980    9.9441
    4.4033    9.9515
    4.4086    9.9589
    4.4139    9.9662
    4.4192    9.9736
    4.4245    9.9809
    4.4298    9.9882
    4.4351    9.9955
    4.4404   10.0028
    4.4457   10.0101
    4.4510   10.0174
    4.4563   10.0247
    4.4616   10.0319
    4.4669   10.0392
    4.4723   10.0464
    4.4776   10.0536
    4.4829   10.0609
    4.4882   10.0681
    4.4935   10.0753
    4.4988   10.0824
    4.5041   10.0896
    4.5094   10.0968
    4.5147   10.1039
    4.5200   10.1111
    4.5253   10.1182
    4.5306   10.1253
    4.5359   10.1324
    4.5412   10.1395
    4.5465   10.1466
    4.5518   10.1537
    4.5571   10.1608
    4.5624   10.1678
    4.5677   10.1749
    4.5731   10.1819
    4.5784   10.1889
    4.5837   10.1960
    4.5890   10.2030
    4.5943   10.2100
    4.5996   10.2170
    4.6049   10.2239
    4.6102   10.2309
    4.6155   10.2379
    4.6208   10.2448
    4.6261   10.2517
    4.6314   10.2587
    4.6367   10.2656
    4.6420   10.2725
    4.6473   10.2794
    4.6526   10.2863
    4.6579   10.2931
    4.6632   10.3000
    4.6685   10.3069
    4.6739   10.3137
    4.6792   10.3205
    4.6845   10.3274
    4.6898   10.3342
    4.6951   10.3410
    4.7004   10.3478
    4.7057   10.3546
    4.7110   10.3614
    4.7163   10.3681
    4.7216   10.3749
    4.7269   10.3816
    4.7322   10.3884
    4.7375   10.3951
    4.7428   10.4018
    4.7481   10.4085
    4.7534   10.4152
    4.7587   10.4219
    4.7640   10.4286
    4.7693   10.4352
    4.7746   10.4419
    4.7800   10.4485
    4.7853   10.4552
    4.7906   10.4618
    4.7959   10.4684
    4.8012   10.4750
    4.8065   10.4816
    4.8118   10.4882
    4.8171   10.4948
    4.8224   10.5014
    4.8277   10.5080
    4.8330   10.5145
    4.8383   10.5210
    4.8436   10.5276
    4.8489   10.5341
    4.8542   10.5406
    4.8595   10.5471
    4.8648   10.5536
    4.8701   10.5601
    4.8754   10.5666
    4.8808   10.5730
    4.8861   10.5795
    4.8914   10.5860
    4.8967   10.5924
    4.9020   10.5988
    4.9073   10.6052
    4.9126   10.6117
    4.9179   10.6181
    4.9232   10.6244
    4.9285   10.6308
    4.9338   10.6372
    4.9391   10.6436
    4.9444   10.6499
    4.9497   10.6563
    4.9550   10.6626
    4.9603   10.6689
    4.9656   10.6752
    4.9709   10.6816
    4.9762   10.6879
    4.9815   10.6941
    4.9869   10.7004
    4.9922   10.7067
    4.9975   10.7130
    5.0028   10.7192
    5.0081   10.7255
    5.0134   10.7317
    5.0187   10.7379
    5.0240   10.7441
    5.0293   10.7503
    5.0346   10.7565
    5.0399   10.7627
    5.0452   10.7689
    5.0505   10.7751
    5.0558   10.7812
    5.0611   10.7874
    5.0664   10.7935
    5.0717   10.7997
    5.0770   10.8058
    5.0823   10.8119
    5.0877   10.8180
    5.0930   10.8241
    5.0983   10.8302
    5.1036   10.8363
    5.1089   10.8424
    5.1142   10.8484
    5.1195   10.8545
    5.1248   10.8605
    5.1301   10.8666
    5.1354   10.8726
    5.1407   10.8786
    5.1460   10.8846
    5.1513   10.8907
    5.1566   10.8966
    5.1619   10.9026
    5.1672   10.9086
    5.1725   10.9146
    5.1778   10.9205
    5.1831   10.9265
    5.1885   10.9324
    5.1938   10.9384
    5.1991   10.9443
    5.2044   10.9502
    5.2097   10.9561
    5.2150   10.9620
    5.2203   10.9679
    5.2256   10.9738
    5.2309   10.9797
    5.2362   10.9855
    5.2415   10.9914
    5.2468   10.9972
    5.2521   11.0031
    5.2574   11.0089
    5.2627   11.0147
    5.2680   11.0205
    5.2733   11.0263
    5.2786   11.0321
    5.2839   11.0379
    5.2892   11.0437
    5.2946   11.0495
    5.2999   11.0552
    5.3052   11.0610
    5.3105   11.0667
    5.3158   11.0725
    5.3211   11.0782
    5.3264   11.0839
    5.3317   11.0896
    5.3370   11.0953
    5.3423   11.1010
    5.3476   11.1067
    5.3529   11.1124
    5.3582   11.1181
    5.3635   11.1237
    5.3688   11.1294
    5.3741   11.1350
    5.3794   11.1407
    5.3847   11.1463
    5.3900   11.1519
    5.3954   11.1575
    5.4007   11.1631
    5.4060   11.1687
    5.4113   11.1743
    5.4166   11.1799
    5.4219   11.1855
    5.4272   11.1910
    5.4325   11.1966
    5.4378   11.2021
    5.4431   11.2077
    5.4484   11.2132
    5.4537   11.2187
    5.4590   11.2242
    5.4643   11.2298
    5.4696   11.2353
    5.4749   11.2407
    5.4802   11.2462
    5.4855   11.2517
    5.4908   11.2572
    5.4962   11.2626
    5.5015   11.2681
    5.5068   11.2735
    5.5121   11.2790
    5.5174   11.2844
    5.5227   11.2898
    5.5280   11.2952
    5.5333   11.3006
    5.5386   11.3060
    5.5439   11.3114
    5.5492   11.3168
    5.5545   11.3222
    5.5598   11.3275
    5.5651   11.3329
    5.5704   11.3382
    5.5757   11.3436
    5.5810   11.3489
    5.5863   11.3542
    5.5916   11.3596
    5.5969   11.3649
    5.6023   11.3702
    5.6076   11.3755
    5.6129   11.3807
    5.6182   11.3860
    5.6235   11.3913
    5.6288   11.3966
    5.6341   11.4018
    5.6394   11.4071
    5.6447   11.4123
    5.6500   11.4175
    5.6553   11.4228
    5.6606   11.4280
    5.6659   11.4332
    5.6712   11.4384
    5.6765   11.4436
    5.6818   11.4488
    5.6871   11.4540
    5.6924   11.4591
    5.6977   11.4643
    5.7031   11.4695
    5.7084   11.4746
    5.7137   11.4797
    5.7190   11.4849
    5.7243   11.4900
    5.7296   11.4951
    5.7349   11.5002
    5.7402   11.5053
    5.7455   11.5104
    5.7508   11.5155
    5.7561   11.5206
    5.7614   11.5257
    5.7667   11.5308
    5.7720   11.5358
    5.7773   11.5409
    5.7826   11.5459
    5.7879   11.5510
    5.7932   11.5560
    5.7985   11.5610
    5.8039   11.5660
    5.8092   11.5710
    5.8145   11.5760
    5.8198   11.5810
    5.8251   11.5860
    5.8304   11.5910
    5.8357   11.5960
    5.8410   11.6009
    5.8463   11.6059
    5.8516   11.6108
    5.8569   11.6158
    5.8622   11.6207
    5.8675   11.6257
    5.8728   11.6306
    5.8781   11.6355
    5.8834   11.6404
    5.8887   11.6453
    5.8940   11.6502
    5.8993   11.6551
    5.9046   11.6600
    5.9100   11.6648
    5.9153   11.6697
    5.9206   11.6746
    5.9259   11.6794
    5.9312   11.6843
    5.9365   11.6891
    5.9418   11.6939
    5.9471   11.6987
    5.9524   11.7036
    5.9577   11.7084
    5.9630   11.7132
    5.9683   11.7180
    5.9736   11.7227
    5.9789   11.7275
    5.9842   11.7323
    5.9895   11.7371
    5.9948   11.7418
    6.0001   11.7466
    6.0054   11.7513
    6.0108   11.7561
    6.0161   11.7608
    6.0214   11.7655
    6.0267   11.7702
    6.0320   11.7749
    6.0373   11.7797
    6.0426   11.7844
    6.0479   11.7890
    6.0532   11.7937
    6.0585   11.7984
    6.0638   11.8031
    6.0691   11.8077
    6.0744   11.8124
    6.0797   11.8170
    6.0850   11.8217
    6.0903   11.8263
    6.0956   11.8310
    6.1009   11.8356
    6.1062   11.8402
    6.1115   11.8448
    6.1169   11.8494
    6.1222   11.8540
    6.1275   11.8586
    6.1328   11.8632
    6.1381   11.8677
    6.1434   11.8723
    6.1487   11.8769
    6.1540   11.8814
    6.1593   11.8860
    6.1646   11.8905
    6.1699   11.8951
    6.1752   11.8996
    6.1805   11.9041
    6.1858   11.9086
    6.1911   11.9131
    6.1964   11.9176
    6.2017   11.9221
    6.2070   11.9266
    6.2123   11.9311
    6.2177   11.9356
    6.2230   11.9401
    6.2283   11.9445
    6.2336   11.9490
    6.2389   11.9534
    6.2442   11.9579
    6.2495   11.9623
    6.2548   11.9667
    6.2601   11.9712
    6.2654   11.9756
    6.2707   11.9800
    6.2760   11.9844
    6.2813   11.9888
    6.2866   11.9932
    6.2919   11.9976
    6.2972   12.0020
    6.3025   12.0063
    6.3078   12.0107
    6.3131   12.0151
    6.3185   12.0194
    6.3238   12.0238
    6.3291   12.0281
    6.3344   12.0324
    6.3397   12.0368
    6.3450   12.0411
    6.3503   12.0454
    6.3556   12.0497
    6.3609   12.0540
    6.3662   12.0583
    6.3715   12.0626
    6.3768   12.0669
    6.3821   12.0712
    6.3874   12.0754
    6.3927   12.0797
    6.3980   12.0840
    6.4033   12.0882
    6.4086   12.0925
    6.4139   12.0967
    6.4192   12.1009
    6.4246   12.1052
    6.4299   12.1094
    6.4352   12.1136
    6.4405   12.1178
    6.4458   12.1220
    6.4511   12.1262
    6.4564   12.1304
    6.4617   12.1346
    6.4670   12.1388
    6.4723   12.1429
    6.4776   12.1471
    6.4829   12.1513
    6.4882   12.1554
    6.4935   12.1596
    6.4988   12.1637
    6.5041   12.1679
    6.5094   12.1720
    6.5147   12.1761
    6.5200   12.1802
    6.5254   12.1843
    6.5307   12.1885
    6.5360   12.1926
    6.5413   12.1967
    6.5466   12.2007
    6.5519   12.2048
    6.5572   12.2089
    6.5625   12.2130
    6.5678   12.2170
    6.5731   12.2211
    6.5784   12.2252
    6.5837   12.2292
    6.5890   12.2332
    6.5943   12.2373
    6.5996   12.2413
    6.6049   12.2453
    6.6102   12.2493
    6.6155   12.2534
    6.6208   12.2574
    6.6262   12.2614
    6.6315   12.2654
    6.6368   12.2694
    6.6421   12.2733
    6.6474   12.2773
    6.6527   12.2813
    6.6580   12.2852
    6.6633   12.2892
    6.6686   12.2932
    6.6739   12.2971
    6.6792   12.3011
    6.6845   12.3050
    6.6898   12.3089
    6.6951   12.3128
    6.7004   12.3168
    6.7057   12.3207
    6.7110   12.3246
    6.7163   12.3285
    6.7216   12.3324
    6.7269   12.3363
    6.7323   12.3402
    6.7376   12.3440
    6.7429   12.3479
    6.7482   12.3518
    6.7535   12.3557
    6.7588   12.3595
    6.7641   12.3634
    6.7694   12.3672
    6.7747   12.3710
    6.7800   12.3749
    6.7853   12.3787
    6.7906   12.3825
    6.7959   12.3864
    6.8012   12.3902
    6.8065   12.3940
    6.8118   12.3978
    6.8171   12.4016
    6.8224   12.4054
    6.8277   12.4091
    6.8331   12.4129
    6.8384   12.4167
    6.8437   12.4205
    6.8490   12.4242
    6.8543   12.4280
    6.8596   12.4317
    6.8649   12.4355
    6.8702   12.4392
    6.8755   12.4430
    6.8808   12.4467
    6.8861   12.4504
    6.8914   12.4541
    6.8967   12.4578
    6.9020   12.4616
    6.9073   12.4653
    6.9126   12.4690
    6.9179   12.4726
    6.9232   12.4763
    6.9285   12.4800
    6.9339   12.4837
    6.9392   12.4874
    6.9445   12.4910
    6.9498   12.4947
    6.9551   12.4983
    6.9604   12.5020
    6.9657   12.5056
    6.9710   12.5093
    6.9763   12.5129
    6.9816   12.5165
    6.9869   12.5202
    6.9922   12.5238
    6.9975   12.5274
    7.0028   12.5310
    7.0081   12.5346
    7.0134   12.5382
    7.0187   12.5418
    7.0240   12.5454
    7.0293   12.5489
    7.0346   12.5525
    7.0400   12.5561
    7.0453   12.5597
    7.0506   12.5632
    7.0559   12.5668
    7.0612   12.5703
    7.0665   12.5739
    7.0718   12.5774
    7.0771   12.5809
    7.0824   12.5845
    7.0877   12.5880
    7.0930   12.5915
    7.0983   12.5950
    7.1036   12.5985
    7.1089   12.6020
    7.1142   12.6055
    7.1195   12.6090
    7.1248   12.6125
    7.1301   12.6160
    7.1354   12.6195
    7.1408   12.6229
    7.1461   12.6264
    7.1514   12.6299
    7.1567   12.6333
    7.1620   12.6368
    7.1673   12.6402
    7.1726   12.6437
    7.1779   12.6471
    7.1832   12.6505
    7.1885   12.6540
    7.1938   12.6574
    7.1991   12.6608
    7.2044   12.6642
    7.2097   12.6676
    7.2150   12.6710
    7.2203   12.6744
    7.2256   12.6778
    7.2309   12.6812
    7.2362   12.6846
    7.2415   12.6880
    7.2469   12.6913
    7.2522   12.6947
    7.2575   12.6981
    7.2628   12.7014
    7.2681   12.7048
    7.2734   12.7081
    7.2787   12.7115
    7.2840   12.7148
    7.2893   12.7181
    7.2946   12.7215
    7.2999   12.7248
    7.3052   12.7281
    7.3105   12.7314
    7.3158   12.7347
    7.3211   12.7380
    7.3264   12.7413
    7.3317   12.7446
    7.3370   12.7479
    7.3423   12.7512
    7.3477   12.7545
    7.3530   12.7578
    7.3583   12.7610
    7.3636   12.7643
    7.3689   12.7676
    7.3742   12.7708
    7.3795   12.7741
    7.3848   12.7773
    7.3901   12.7806
    7.3954   12.7838
    7.4007   12.7870
    7.4060   12.7903
    7.4113   12.7935
    7.4166   12.7967
    7.4219   12.7999
    7.4272   12.8031
    7.4325   12.8063
    7.4378   12.8095
    7.4431   12.8127
    7.4485   12.8159
    7.4538   12.8191
    7.4591   12.8223
    7.4644   12.8255
    7.4697   12.8286
    7.4750   12.8318
    7.4803   12.8350
    7.4856   12.8381
    7.4909   12.8413
    7.4962   12.8444
    7.5015   12.8476
    7.5068   12.8507
    7.5121   12.8538
    7.5174   12.8570
    7.5227   12.8601
    7.5280   12.8632
    7.5333   12.8663
    7.5386   12.8694
    7.5439   12.8726
    7.5492   12.8757
    7.5546   12.8788
    7.5599   12.8818
    7.5652   12.8849
    7.5705   12.8880
    7.5758   12.8911
    7.5811   12.8942
    7.5864   12.8972
    7.5917   12.9003
    7.5970   12.9034
    7.6023   12.9064
    7.6076   12.9095
    7.6129   12.9125
    7.6182   12.9156
    7.6235   12.9186
    7.6288   12.9217
    7.6341   12.9247
    7.6394   12.9277
    7.6447   12.9307
    7.6500   12.9338
    7.6554   12.9368
    7.6607   12.9398
    7.6660   12.9428
    7.6713   12.9458
    7.6766   12.9488
    7.6819   12.9518
    7.6872   12.9548
    7.6925   12.9578
    7.6978   12.9607
    7.7031   12.9637
    7.7084   12.9667
    7.7137   12.9696
    7.7190   12.9726
    7.7243   12.9756
    7.7296   12.9785
    7.7349   12.9815
    7.7402   12.9844
    7.7455   12.9873
    7.7508   12.9903
    7.7562   12.9932
    7.7615   12.9961
    7.7668   12.9991
    7.7721   13.0020
    7.7774   13.0049
    7.7827   13.0078
    7.7880   13.0107
    7.7933   13.0136
    7.7986   13.0165
    7.8039   13.0194
    7.8092   13.0223
    7.8145   13.0252
    7.8198   13.0281
    7.8251   13.0309
    7.8304   13.0338
    7.8357   13.0367
    7.8410   13.0395
    7.8463   13.0424
    7.8516   13.0453
    7.8569   13.0481
    7.8623   13.0510
    7.8676   13.0538
    7.8729   13.0566
    7.8782   13.0595
    7.8835   13.0623
    7.8888   13.0651
    7.8941   13.0680
    7.8994   13.0708
    7.9047   13.0736
    7.9100   13.0764
    7.9153   13.0792
    7.9206   13.0820
    7.9259   13.0848
    7.9312   13.0876
    7.9365   13.0904
    7.9418   13.0932
    7.9471   13.0959
    7.9524   13.0987
    7.9577   13.1015
    7.9631   13.1043
    7.9684   13.1070
    7.9737   13.1098
    7.9790   13.1126
    7.9843   13.1153
    7.9896   13.1181
    7.9949   13.1208
    8.0002   13.1235
    8.0055   13.1263
    8.0108   13.1290