        0.0018044014400672          308.690522560301
       0.00902200720033601          308.690522560301
        0.0162396129606048          308.690522560301
        0.0234572187208736          308.690522560301
        0.0306748244811424          308.690522560301
        0.0378924302414112          308.690522560301
          0.04511003600168          1490.95648207631
        0.0523276417619488          1490.95648207631
        0.0595452475222176          1490.95648207631
        0.0667628532824864          5320.43708868588
        0.0739804590427552           6345.7709809246
         0.081198064803024           6345.7709809246
        0.0884156705632928          7647.15908685519
        0.0956332763235617           11950.200754065
          0.10285088208383           11950.200754065
         0.110068487844099          15796.4779899636
         0.117286093604368          15796.4779899636
         0.124503699364637          17939.9626933635
         0.131721305124906          23249.0668359041
         0.138938910885174          27270.6492609377
         0.146156516645443           31514.867483786
         0.153374122405712          33208.4802675924
         0.160591728165981          37577.8721637722
          0.16780933392625          47001.2206207895
         0.175026939686519          47927.1576804975
         0.182244545446787          55803.1973711439
         0.189462151207056           65573.765136199
         0.196679756967325          70841.7160400806
         0.203897362727594          81400.0903874788
         0.211114968487863          84861.7177376579
         0.218332574248131          88794.4583400322
           0.2255501800084          103983.491358854
         0.232767785768669          114787.663331451
         0.239985391528938          120341.973344857
         0.247202997289207          121563.722075783
         0.254420603049475          133025.271447915
         0.261638208809744           143372.69927021
         0.268855814570013          154783.399743024
         0.276073420330282          156747.497627757
         0.283291026090551          175741.408454148
         0.290508631850819          183579.662616959
         0.297726237611088           188865.01930463
         0.304943843371357          196214.644710139
         0.312161449131626          210216.376461998
         0.319379054891895          226397.293155852
         0.326596660652163          236918.491567521
         0.333814266412432          244986.458619738
         0.341031872172701          260941.638262548
          0.34824947793297          269387.875996582
         0.355467083693239          279613.992582865
         0.362684689453507          293864.649903164
         0.369902295213776          300817.837540502
         0.377119900974045          312740.966644417
         0.384337506734314          321663.969367977
         0.391555112494583           333106.64917826
         0.398772718254851          341759.868713636
          0.40599032401512          348919.053974217
         0.413207929775389          365193.597156685
         0.420425535535658          373051.986160024
         0.427643141295927          376744.447813636
         0.434860747056195          394827.978143838
         0.442078352816464          399810.435744888
         0.449295958576733          411025.824638266
         0.456513564337002          418765.936390967
         0.463731170097271          427639.111985216
         0.470948775857539          437568.801836189
         0.478166381617808          445703.028217807
         0.485383987378077          451766.154544256
         0.492601593138346          461264.113111053
         0.499819198898615          468670.497691341
         0.507036804658883          478128.915969716
         0.514254410419152          486679.281119209
         0.521472016179421          490799.463364316
          0.52868962193969          501895.085078309
         0.535907227699959          509567.493532071
         0.543124833460227          515850.677593152
         0.550342439220496          522503.973028045
         0.557560044980765          531379.642075394
         0.564777650741034          536196.386982703
         0.571995256501303          544604.074928289
         0.579212862261572          549579.277627542
          0.58643046802184          555082.335562368
         0.593648073782109          561788.791439319
         0.600865679542378          565701.943198279
         0.608083285302647           574478.03848103
         0.615300891062916          580196.307326245
         0.622518496823184          586736.317785627
         0.629736102583453          592675.282906665
         0.636953708343722          597419.200824405
         0.644171314103991          603399.539243351
          0.65138891986426          608501.127454207
         0.658606525624528          614119.013343343
         0.665824131384797          619387.106437583
         0.673041737145066          623532.468055685
         0.680259342905335          629744.718705291
         0.687476948665604           634612.66934348
         0.694694554425872          638403.948598207
         0.701912160186141          643299.236704686
          0.70912976594641          647206.127208385
         0.716347371706679          652034.630271606
         0.723564977466947          656439.912202069
         0.730782583227216          659607.496633342
         0.738000188987485          664664.972782839
         0.745217794747754          668964.683914567
         0.752435400508023          672736.289775265
         0.759653006268292          676608.652183903
          0.76687061202856          679467.781373878
         0.774088217788829           683713.70135985
         0.781305823549098          687895.196481559
         0.788523429309367          692132.382468643
         0.795741035069636          694606.554718818
         0.802958640829904          699174.930338217
         0.810176246590173          702274.492216236
         0.817393852350442          706033.219848456
         0.824611458110711          708814.014798413
          0.83182906387098          711081.197886003
         0.839046669631249          715702.780591736
         0.846264275391517          718792.146471709
         0.853481881151786          721263.416059593
         0.860699486912055          724310.251615483
         0.867917092672324          727473.080675987
         0.875134698432593          730505.083805767
         0.882352304192861           734085.61706643
          0.88956990995313          736533.217352257
         0.896787515713399          739555.735111457
         0.904005121473668          742252.023881797
         0.911222727233936          744886.810778696
         0.918440332994205          747197.538684299
         0.925657938754474          749797.823163999
         0.932875544514743           752850.67495147
         0.940093150275012          755779.619574295
          0.94731075603528           758088.77187404
         0.954528361795549          760401.179214116
         0.961745967555818          763243.576717996
         0.968963573316087          765840.911744639
         0.976181179076356          768372.912998251
         0.983398784836624          770709.122001658
         0.990616390596893          772885.189213153
         0.997833996357162          775515.419564252
          1.00505160211743          777696.193895652
           1.0122692078777          779892.227572341
          1.01948681363797          782270.953191958
          1.02670441939824          784495.140255866
          1.03392202515851          787051.818365694
          1.04113963091877          788626.169723028
          1.04835723667904          791216.798922946
          1.05557484243931          793291.003730519
          1.06279244819958          795444.377926499
          1.07001005395985          797356.897141969
          1.07722765972012          799485.434219504
          1.08444526548039          801741.555800579
          1.09166287124066          803906.503572869
          1.09888047700093          805767.655832776
          1.10609808276119          808033.657150076
          1.11331568852146          809815.018583038
          1.12053329428173          811921.230992921
            1.127750900042          813943.351788543
          1.13496850580227          815495.939504042
          1.14218611156254          817771.701987911
          1.14940371732281          819573.848477623
          1.15662132308308          821294.268766287
          1.16383892884334          822955.178444301
          1.17105653460361          824949.388378509
          1.17827414036388          826733.329143828
          1.18549174612415          828437.593584887
          1.19270935188442          830199.496433645
          1.19992695764469          831937.136656886
          1.20714456340496          833523.964082857
          1.21436216916523          835219.239820752
           1.2215797749255          837177.665851628
          1.22879738068576          838708.059530582
          1.23601498644603          840623.469105825
           1.2432325922063          842228.191054499
          1.25045019796657          843549.540244841
          1.25766780372684          844997.619448162
          1.26488540948711          847100.317685126
          1.27210301524738          848739.815477779
          1.27932062100765          850294.190354409
          1.28653822676791          851429.981567449
          1.29375583252818          853284.340638829
          1.30097343828845          854718.734002618
          1.30819104404872          856547.184328437
          1.31540864980899          857818.653083223
          1.32262625556926          859479.115816881
          1.32984386132953          861252.240267779
           1.3370614670898          862560.824364595
          1.34427907285006          863696.527802759
          1.35149667861033          865576.437626751
           1.3587142843706          867076.309306911
          1.36593189013087          868528.333919898
          1.37314949589114          870005.942473853
          1.38036710165141          871267.207339162
          1.38758470741168           872655.28474728
          1.39480231317195          874469.277868551
          1.40201991893222           875677.81984047
          1.40923752469248          877159.239786077
          1.41645513045275          878701.530746392
          1.42367273621302          880244.133463218
          1.43089034197329          881413.562589951
          1.43810794773356          882778.598251243
          1.44532555349383          884283.767298929
           1.4525431592541          885566.744135711
          1.45976076501437          887003.786823381
          1.46697837077463          888155.949860766
           1.4741959765349          889551.967944918
          1.48141358229517          890993.356227184
          1.48863118805544           892332.91648485
          1.49584879381571          893880.172353309
          1.50306639957598          894865.486884945
          1.51028400533625          896358.478516257
          1.51750161109652          897620.146821887
          1.52471921685678          898890.632209117
          1.53193682261705           900008.53840236
          1.53915442837732          901513.073558004
          1.54637203413759          902778.893499668
          1.55358963989786          903887.252463284
          1.56080724565813          905206.444181626
           1.5680248514184          906585.830211274
          1.57524245717867          907706.916168978
          1.58246006293893          909295.908976025
           1.5896776686992          910283.971053335
          1.59689527445947          911646.143496291
          1.60411288021974          912830.662921893
          1.61133048598001          914201.608203394
          1.61854809174028          915340.068325377
          1.62576569750055          916608.978066571
          1.63298330326082          917891.516206108
          1.64020090902109          919292.290061356
          1.64741851478135          920290.370848925
          1.65463612054162          921638.142030352
          1.66185372630189           922734.42230613
          1.66907133206216          924193.911527372
          1.67628893782243          925496.215303906
           1.6835065435827          926507.325870998
          1.69072414934297          927641.501779029
          1.69794175510324           929033.33453695
           1.7051593608635          930186.504088173
          1.71237696662377          931311.661667627
          1.71959457238404          932461.774141954
          1.72681217814431          933529.019755296
          1.73402978390458          934830.272048441
          1.74124738966485          936023.267908325
          1.74846499542512          937237.713343862
          1.75568260118539          938510.794964547
          1.76290020694566          939714.329240902
          1.77011781270592          940866.555863117
          1.77733541846619          941871.390867234
          1.78455302422646          943119.532328919
          1.79177062998673          944517.713876515
            1.798988235747          945739.472000664
          1.80620584150727          946754.997416918
          1.81342344726754          947984.046643272
          1.82064105302781          949009.730843102
          1.82785865878807          950119.530995851
          1.83507626454834          951497.570437373
          1.84229387030861          952426.470412191
          1.84951147606888          953827.569840174
          1.85672908182915          954893.425967849
          1.86394668758942          955950.511171429
          1.87116429334969          957157.406046371
          1.87838189910996          958345.932332544
          1.88559950487022          959665.278446758
          1.89281711063049          960666.517371647
          1.90003471639076          961684.243871407
          1.90725232215103          962982.358009146
           1.9144699279113          963969.310194837
          1.92168753367157          965158.639565488
          1.92890513943184          966370.130574707
          1.93612274519211          967435.612027066
          1.94334035095238          968655.104020879
          1.95055795671264           969739.95301669
          1.95777556247291          970864.657900366
          1.96499316823318           972043.39658417
          1.97221077399345          973185.354016255
          1.97942837975372           974275.87233561
          1.98664598551399          975399.800262017
          1.99386359127426          976401.356303494
          2.00108119703453          977705.528237347
          2.00829880279479          978845.775150627
          2.01551640855506          979881.059903331
          2.02273401431533           981066.09386675
           2.0299516200756          982192.553602248
          2.03716922583587          983283.366466784
          2.04438683159614          984505.112612415
          2.05160443735641          985460.900290621
          2.05882204311668          986670.947346584
          2.06603964887695          987781.194846266
          2.07325725463721          988873.829920388
          2.08047486039748          989999.751966648
          2.08769246615775          991089.454895689
          2.09491007191802          992197.215291027
          2.10212767767829          993356.130678178
          2.10934528343856          994331.477387676
          2.11656288919883          995473.513764859
           2.1237804949591          996556.816287089
          2.13099810071936          997794.919027381
          2.13821570647963          998897.373831554
           2.1454333122399          999862.693526225
          2.15265091800017          1000933.43112927
          2.15986852376044          1002054.07248682
          2.16708612952071          1003063.91491789
          2.17430373528098          1004252.21809299
          2.18152134104125          1005363.36321627
          2.18873894680151          1006496.87914361
          2.19595655256178          1007561.63272084
          2.20317415832205          1008650.15101925
          2.21039176408232          1009723.59193632
          2.21760936984259          1010955.78211962
          2.22482697560286          1012007.24438191
          2.23204458136313          1013072.57135869
           2.2392621871234          1014125.32138949
          2.24647979288367           1015340.3539267
          2.25369739864393          1016351.87585962
           2.2609150044042          1017481.02477114
          2.26813261016447          1018592.42144747
          2.27535021592474          1019711.99312827
          2.28256782168501          1020781.92706923
          2.28978542744528           1021921.7972992
          2.29700303320555          1022920.57198386
          2.30422063896582          1024044.26652755
          2.31143824472608           1025203.5541121
          2.31865585048635          1026220.38645656
          2.32587345624662          1027426.70402389
          2.33309106200689           1028455.7969832
          2.34030866776716          1029603.76311755
          2.34752627352743          1030678.77280608
           2.3547438792877          1031778.69160658
          2.36196148504797          1032872.71329592
          2.36917909080823          1033973.01849092
           2.3763966965685          1035056.20668187
          2.38361430232877          1036132.75992791
          2.39083190808904          1037271.06762969
          2.39804951384931          1038349.42362291
          2.40526711960958          1039510.24997476
          2.41248472536985          1040679.05874634
          2.41970233113012          1041702.10823057
          2.42691993689039          1042759.33087985
          2.43413754265065          1043985.77861201
          2.44135514841092          1044913.73911491
          2.44857275417119          1046157.65745956
          2.45579035993146          1047166.99094552
          2.46300796569173          1048289.19534437
            2.470225571452          1049429.27595505
          2.47744317721227          1050544.40235734
          2.48466078297254          1051613.06884906
           2.4918783887328          1052760.75411437
          2.49909599449307          1053827.24806156
          2.50631360025334          1054925.35485557
          2.51353120601361          1056005.72370312
          2.52074881177388          1057205.08225611
          2.52796641753415          1058295.29802998
          2.53518402329442          1059361.07459177
          2.54240162905469          1060573.63472765
          2.54961923481495          1061641.91507666
          2.55683684057522          1062773.97138521
          2.56405444633549           1063938.5072734
          2.57127205209576          1064992.98169055
          2.57848965785603          1066074.91453701
           2.5857072636163          1067130.03669921
          2.59292486937657          1068368.71622319
          2.60014247513684          1069389.34871919
          2.60736008089711           1070529.5753439
          2.61457768665737          1071712.64683147
          2.62179529241764           1072824.3535353
          2.62901289817791          1073868.00550583
          2.63623050393818          1075022.23887118
          2.64344810969845          1076083.83037391
          2.65066571545872          1077330.99536823
          2.65788332121899          1078361.52157609
          2.66510092697926          1079582.73068732
          2.67231853273952          1080626.37994139
          2.67953613849979          1081681.85034805
          2.68675374426006          1082899.09873445
          2.69397135002033          1083881.74306252
           2.7011889557806          1085089.28756673
          2.70840656154087           1086276.3578405
          2.71562416730114           1087360.0476348
          2.72284177306141          1088475.63762103
          2.73005937882167          1089489.93780005
          2.73727698458194          1090727.06661099
          2.74449459034221          1091838.06799352
          2.75171219610248          1092965.95074677
          2.75892980186275          1094062.33396179
          2.76614740762302          1095227.48988469
          2.77336501338329          1096313.45133331
          2.78058261914356          1097384.43045683
          2.78780022490383          1098603.38689733
          2.79501783066409           1099743.2093278
          2.80223543642436          1100899.16604852
          2.80945304218463          1102048.65048907
           2.8166706479449          1103136.84760125
          2.82388825370517          1104266.55688886
          2.83110585946544          1105432.78303968
          2.83832346522571          1106632.70348164
          2.84554107098598          1107820.30218539
          2.85275867674624          1108717.50238252
          2.85997628250651          1110050.13677757
          2.86719388826678          1111080.63027164
          2.87441149402705          1112295.22759896
          2.88162909978732          1113459.71322113
          2.88884670554759          1114587.83558213
          2.89606431130786          1115686.33007963
          2.90328191706813          1116839.29554505
          2.91049952282839          1117986.49955172
          2.91771712858866          1119182.50193007
          2.92493473434893          1120312.16240203
           2.9321523401092          1121430.98430351
          2.93936994586947          1122710.45824557
          2.94658755162974           1123747.7335305
          2.95380515739001          1124905.71152823
          2.96102276315028          1126093.01630123
          2.96824036891055          1127238.45357854
          2.97545797467081          1128336.18214299
          2.98267558043108          1129619.27758714
          2.98989318619135          1130803.29137837
          2.99711079195162           1131985.5948004
          3.00432839771189          1133072.95513002
          3.01154600347216          1134286.21630316
          3.01876360923243          1135505.00189004
           3.0259812149927          1136591.15836452
          3.03319882075296          1137715.30669295
          3.04041642651323          1138885.84939571
           3.0476340322735          1140112.50985579
          3.05485163803377          1141320.41026848
          3.06206924379404          1142512.09026866
          3.06928684955431          1143610.38746025
          3.07650445531458          1144837.52740743
          3.08372206107485          1145933.00731957
          3.09093966683511          1147211.31568663
          3.09815727259538           1148339.9689748
          3.10537487835565          1149517.20487138
          3.11259248411592          1150782.25953136
          3.11981008987619           1151981.5385452
          3.12702769563646          1153089.91769418
          3.13424530139673          1154299.69604389
            3.141462907157          1155540.28608813
          3.14868051291727          1156764.59564998
          3.15589811867753          1157924.69206383
           3.1631157244378          1159084.38457602
          3.17033333019807          1160279.50308271
          3.17755093595834          1161470.34992393
          3.18476854171861          1162709.27774142
          3.19198614747888          1163853.11384398
          3.19920375323915          1165128.54879103
          3.20642135899942          1166310.14558432
          3.21363896475968          1167553.74257729
          3.22085657051995          1168688.50973266
          3.22807417628022          1169918.83285653
          3.23529178204049          1171252.55303391
          3.24250938780076          1172409.80306088
          3.24972699356103            1173617.865205
           3.2569445993213          1174822.19218238
          3.26416220508157          1176114.74960713
          3.27137981084184          1177307.95935898
           3.2785974166021          1178437.00013876
          3.28581502236237          1179643.28286677
          3.29303262812264          1180812.49771574
          3.30025023388291          1182128.99708698
          3.30746783964318          1183322.39818588
          3.31468544540345          1184569.22521021
          3.32190305116372          1185844.58726063
          3.32912065692399          1187059.74944124
          3.33633826268425          1188298.40683024
          3.34355586844452          1189446.25655455
          3.35077347420479           1190725.2571011
          3.35799107996506          1191986.18352092
          3.36520868572533          1193162.72475175
           3.3724262914856          1194484.28596504
          3.37964389724587          1195687.61204178
          3.38686150300614          1196979.14542074
           3.3940791087664           1198171.6375096
          3.40129671452667          1199432.38048926
          3.40851432028694          1200667.87146876
          3.41573192604721          1201908.26046322
          3.42294953180748          1203158.12498746
          3.43016713756775          1204460.72699439
          3.43738474332802          1205712.17522354
          3.44460234908829          1206987.98823896
          3.45181995484856          1208327.29484194
          3.45903756060882           1209577.0872092
          3.46625516636909           1210723.0979696
          3.47347277212936          1211936.65527469
          3.48069037788963          1213312.22274926
           3.4879079836499          1214601.98614637
          3.49512558941017          1215875.73232416
          3.50234319517044          1217132.00357792
          3.50956080093071          1218372.44491234
          3.51677840669097          1219751.31956294
          3.52399601245124          1220964.44042335
          3.53121361821151          1222164.45852056
          3.53843122397178          1223594.97214975
          3.54564882973205          1224829.73372102
          3.55286643549232          1226137.87225049
          3.56008404125259          1227337.63843694
          3.56730164701286          1228646.58953159
          3.57451925277313          1230064.36428349
          3.58173685853339          1231290.96510108
          3.58895446429366          1232619.59968625
          3.59617207005393          1233906.81033243
           3.6033896758142          1235198.09170395
          3.61060728157447          1236404.09765746
          3.61782488733474          1237788.06010216
          3.62504249309501          1239126.36799774
          3.63226009885528          1240403.74857659
          3.63947770461554          1241754.58589781
          3.64669531037581          1243032.90767477
          3.65391291613608          1244362.25337594
          3.66113052189635          1245654.36925776
          3.66834812765662          1247142.47230116
          3.67556573341689          1248356.64062969
          3.68278333917716           1249636.2864403
          3.69000094493743           1250971.1543991
          3.69721855069769          1252393.10325423
          3.70443615645796          1253818.20081682
          3.71165376221823          1255078.16352923
           3.7188713679785          1256396.60248267
          3.72608897373877          1257728.95134847
          3.73330657949904          1259036.57891773
          3.74052418525931          1260364.30057328
          3.74774179101958          1261807.24695418
          3.75495939677985          1263146.74017549
          3.76217700254011          1264500.72948615
          3.76939460830038          1265832.83589677
          3.77661221406065          1267133.43343267
          3.78382981982092          1268573.53480354
          3.79104742558119          1269962.75811914
          3.79826503134146          1271291.89923364
          3.80548263710173          1272638.18375661
            3.812700242862          1274024.72080738
          3.81991784862226          1275341.20148425
          3.82713545438253          1276647.23706181
           3.8343530601428          1278066.53773848
          3.84157066590307          1279405.47565092
          3.84878827166334          1280877.14926068
          3.85600587742361          1282155.54425182
          3.86322348318388          1283438.66482365
          3.87044108894415          1284963.04955287
          3.87765869470442          1286409.95599516
          3.88487630046468          1287702.03001029
          3.89209390622495          1289174.98416644
          3.89931151198522          1290523.93646285
          3.90652911774549          1291941.86251707
          3.91374672350576          1293293.56051755
          3.92096432926603          1294756.95739008
           3.9281819350263          1296178.76125197
          3.93539954078657          1297596.02980965
          3.94261714654683          1298912.00698934
           3.9498347523071          1300289.11831506
          3.95705235806737          1301697.92092104
          3.96426996382764          1303188.86743199
          3.97148756958791          1304668.59906418
          3.97870517534818          1306047.48693115
          3.98592278110845          1307472.38570247
          3.99314038686872          1308976.46825396
          4.00035799262898          1310277.60544776
          4.00757559838925          1311827.48658995
          4.01479320414952           1313241.6094601
          4.02201080990979          1314634.37668775
          4.02922841567006          1316149.29714885
          4.03644602143033          1317556.45117438
           4.0436636271906          1319031.19500058
          4.05088123295087          1320422.98404551
          4.05809883871114          1321900.14293886
           4.0653164444714          1323435.74681635
          4.07253405023167          1324820.46341199
          4.07975165599194          1326231.11107293
          4.08696926175221          1327712.35310468
          4.09418686751248          1329144.40113825
          4.10140447327275          1330674.91192825
          4.10862207903302          1332130.57740824
          4.11583968479329          1333582.88686193
          4.12305729055355          1335166.99771765
          4.13027489631382          1336571.78295947
          4.13749250207409            1338079.953497
          4.14471010783436          1339536.84513802
          4.15192771359463          1341012.93764545
           4.1591453193549          1342445.60563777
          4.16636292511517          1343881.02569746
          4.17358053087544          1345435.15256646
          4.18079813663571          1346996.75880921
          4.18801574239597          1348494.23386915
          4.19523334815624           1349984.4137926
          4.20245095391651          1351545.13233826
          4.20966855967678          1352956.07258109
          4.21688616543705          1354464.20160904
          4.22410377119732          1356034.71645168
          4.23132137695759          1357403.56907567
          4.23853898271786          1358856.34244569
          4.24575658847812          1360270.50972739
          4.25297419423839          1361630.62350869
          4.26019179999866          1363107.89717718
          4.26740940575893          1364470.67963163
           4.2746270115192          1366037.31976359
          4.28184461727947          1367365.41788561
          4.28906222303974          1368746.29331163
          4.29627982880001          1370129.04635851
          4.30349743456028          1371517.60645315
          4.31071504032054          1372958.30872683
          4.31793264608081          1374266.62327413
          4.32515025184108          1375542.88661906
          4.33236785760135          1376908.36844699
          4.33958546336162          1378311.77548527
          4.34680306912189          1379614.44873751
          4.35402067488216          1380946.18262836
          4.36123828064243          1382259.05705212
          4.36845588640269          1383552.65168595
          4.37567349216296          1384963.58611391
          4.38289109792323          1386117.84375883
           4.3901087036835          1387458.63759506
          4.39732630944377          1388749.04875674
          4.40454391520404          1389967.93394388
          4.41176152096431          1391282.55905498
          4.41897912672458          1392538.22707464
          4.42619673248484          1393859.12239269
          4.43341433824511          1395066.44695906
          4.44063194400538          1396262.84989338
          4.44784954976565          1397523.85340515
          4.45506715552592          1398812.69160429
          4.46228476128619          1399925.83027794
          4.46950236704646          1401214.15940491
          4.47671997280673          1402401.38596282
          4.48393757856699          1403579.47479647
          4.49115518432726          1404886.30987118
          4.49837279008753          1406013.85179403
           4.5055903958478          1407250.00683498
          4.51280800160807          1408375.43478673
          4.52002560736834          1409571.61253346
          4.52724321312861          1410784.42475506
          4.53446081888888          1411863.00911538
          4.54167842464915          1413064.43060156
          4.54889603040941          1414259.42377721
          4.55611363616968          1415354.66947348
          4.56333124192995           1416477.6352271
          4.57054884769022           1417578.9751271
          4.57776645345049           1418762.6031935
          4.58498405921076          1419823.62783891
          4.59220166497103          1420963.90511032
           4.5994192707313          1422024.67232917
          4.60663687649156          1423119.68670271
          4.61385448225183          1424227.99301757
           4.6210720880121          1425340.39843799
          4.62828969377237          1426334.99971654
          4.63550729953264           1427462.6208356
          4.64272490529291          1428505.21211503
          4.64994251105318          1429584.59784382
          4.65716011681345          1430582.28105295
          4.66437772257371          1431680.83793364
          4.67159532833398          1432730.27385036
          4.67881293409425          1433814.04897077
          4.68603053985452           1434821.3473884
          4.69324814561479          1435848.74309989
          4.70046575137506          1436863.05045421
          4.70768335713533          1437938.93421455
           4.7149009628956           1438863.3926677
          4.72211856865586          1439899.68772663
          4.72933617441613          1440841.98031165
           4.7365537801764          1441930.88709476
          4.74377138593667          1442863.77443476
          4.75098899169694          1443868.08795182
          4.75820659745721          1444832.46382119
          4.76542420321748          1445792.65799766
          4.77264180897775          1446783.60647459
          4.77985941473802          1447727.29491174
          4.78707702049828          1448651.94053199
          4.79429462625855          1449657.57923893
          4.80151223201882          1450569.12805176
          4.80872983777909          1451563.55041793
          4.81594744353936          1452433.64535731
          4.82316504929963          1453407.85015616
           4.8303826550599          1454328.76059384
          4.83760026082017          1455252.17791924
          4.84481786658043          1456138.55049071
           4.8520354723407          1457011.16198763
          4.85925307810097          1457920.50743549
          4.86647068386124          1458831.87737799
          4.87368828962151          1459717.31656458
          4.88090589538178          1460625.22710974
          4.88812350114205          1461501.46557433
          4.89534110690232          1462391.80900096
          4.90255871266259          1463243.91913693
          4.90977631842285          1464073.36147703
          4.91699392418312          1464910.47069748
          4.92421152994339          1465838.14422765
          4.93142913570366          1466667.40115327
          4.93864674146393          1467525.45689941
           4.9458643472242          1468345.01384395
          4.95308195298447          1469229.47534268
          4.96029955874474          1470018.65744001
            4.967517164505           1470864.8637505
          4.97473477026527          1471670.49394493
          4.98195237602554          1472527.60480944
          4.98916998178581          1473285.47489971
          4.99638758754608          1474087.04399192
          5.00360519330635          1474877.53032997
          5.01082279906662          1475706.67922364
          5.01804040482689          1476523.51878873
          5.02525801058716          1477314.72954597
          5.03247561634742          1478032.94731448
          5.03969322210769          1478834.41190389
          5.04691082786796          1479572.53232302
          5.05412843362823          1480361.95890865
           5.0613460393885          1481089.48469045
          5.06856364514877          1481831.78677829
          5.07578125090904          1482619.42884437
          5.08299885666931          1483392.33661091
          5.09021646242957           1484105.2929341
          5.09743406818984          1484847.57787759
          5.10465167395011          1485575.73837159
          5.11186927971038          1486330.95912101
          5.11908688547065           1487025.3335564
          5.12630449123092          1487718.38391898
          5.13352209699119          1488444.55537297
          5.14073970275146          1489163.84206821
          5.14795730851172          1489870.57811776
          5.15517491427199          1490516.44721747
          5.16239252003226          1491267.91196995
          5.16961012579253          1491943.17209656
           5.1768277315528          1492621.40221758
          5.18404533731307          1493288.86603109
          5.19126294307334          1493954.92668947
          5.19848054883361          1494641.24349479
          5.20569815459388          1495308.34210002
          5.21291576035414          1495950.97588799
          5.22013336611441          1496619.42593057
          5.22735097187468          1497276.39812872
          5.23456857763495          1497922.27107576
          5.24178618339522          1498518.69487996
          5.24900378915549          1499153.14515708
          5.25622139491576          1499824.40182352
          5.26343900067603          1500420.42371406
          5.27065660643629          1501057.73167809
          5.27787421219656          1501673.26089709
          5.28509181795683          1502291.71773931
           5.2923094237171          1502949.69397808
          5.29952702947737          1503534.34483469
          5.30674463523764          1504103.40112945
          5.31396224099791           1504746.2591705
          5.32117984675818           1505318.7434075
          5.32839745251844          1505906.86297845
          5.33561505827871          1506431.62982278
          5.34283266403898          1507036.85296006
          5.35005026979925          1507638.84481685
          5.35726787555952          1508200.24603166
          5.36448548131979          1508761.37563422
          5.37170308708006           1509315.5721048
          5.37892069284033           1509878.0883711
          5.38613829860059          1510438.20206381