        0.0469144374417472         0.251585358282624
        0.0613496489622848         0.470394030513657
        0.0757848604828224         0.769121850290455
          0.09022007200336           1.0196918804191
        0.0974376777636289          1.28842180260341
         0.104655283523898          0.79210976581923
         0.126308100804704          1.56046063050025
         0.133525706564973          1.75314088323528
         0.140743312325242          2.08914296813825
          0.14796091808551          0.61413069274897
         0.155178523845779          1.19058295430434
         0.162396129606048          1.70837274385981
         0.176831341126586          1.46465318335599
         0.184048946886854          1.77932135987115
         0.191266552647123          1.63258288847424
         0.198484158407392          1.95473630385886
         0.205701764167661          2.00477209002309
          0.21291936992793          1.09901093645133
         0.220136975688199          1.50268612495949
         0.227354581448467          1.07972111046915
         0.234572187208736          1.67776053847842
         0.249007398729274          1.68644621426353
         0.256225004489543          1.32924026934291
         0.263442610249811          1.38058175984653
          0.27066021601008           1.3937447261486
         0.277877821770349           1.1163259132434
         0.285095427530618          1.07733193323529
         0.292313033290887          1.02733046083748
         0.299530639051155         0.625047062461027
         0.306748244811424         0.939547089170898
         0.313965850571693          0.84441849340409
         0.321183456331962         0.797299681165358
         0.328401062092231          1.03381388542192
         0.335618667852499         0.697604994570798
         0.342836273612768         0.519745314063123
         0.350053879373037         0.642084856463414
         0.357271485133306         0.598208724652358
         0.364489090893575          0.49887098188773
         0.371706696653843         0.467787068144497
         0.378924302414112         0.524602214836242
         0.386141908174381         0.507481454709353
          0.39335951393465         0.366183024699185
         0.400577119694919         0.366993348524107
         0.407794725455187         0.452357686521013
         0.415012331215456         0.361367623190273
         0.422229936975725         0.321537970442994
         0.429447542735994         0.302678205525655
         0.436665148496263         0.301303234436362
         0.443882754256531         0.275603755736517
           0.4511003600168         0.243361844507561
         0.458317965777069         0.311934715095248
         0.465535571537338         0.213684635507792
         0.472753177297607         0.244872769458209
         0.479970783057875         0.190928675919716
         0.487188388818144         0.196995755772351
         0.494405994578413         0.197898146690799
         0.501623600338682         0.165199147831864
         0.508841206098951         0.149726976262694
          0.51605881185922         0.183997357178724
         0.523276417619488         0.138487444828375
         0.530494023379757         0.144392155328732
         0.537711629140026         0.122685299903008
         0.544929234900295         0.120171349436713
         0.552146840660564         0.116529270648724
         0.559364446420832         0.130155362378134
         0.566582052181101         0.103652091751994
          0.57379965794137         0.102966719554972
         0.581017263701639         0.108875933496334
         0.588234869461908         0.097191338667542
         0.595452475222176        0.0980976155156156
         0.602670080982445        0.0938765269245935
         0.609887686742714         0.090428002303064
         0.617105292502983        0.0785523184451446
         0.624322898263251        0.0786244638749971
          0.63154050402352        0.0689031833765993
         0.638758109783789        0.0746597258392923
         0.645975715544058        0.0647733607515061
         0.653193321304327        0.0670848637447871
         0.660410927064595        0.0617934254968464
         0.667628532824864        0.0665768383936036
         0.674846138585133        0.0615909136961914
         0.682063744345402        0.0532286544636816
         0.689281350105671        0.0458628741111861
          0.69649895586594        0.0547327713917511
         0.703716561626208        0.0506450575208722
         0.710934167386477        0.0446975459462379
         0.718151773146746        0.0451647921055764
         0.725369378907015        0.0403643400820657
         0.732586984667284        0.0369530611248855
         0.739804590427552        0.0383034432540576
         0.747022196187821        0.0375071060715984
          0.75423980194809        0.0326488640771433
         0.761457407708359        0.0332986730245126
         0.768675013468628        0.0308786259627227
         0.775892619228896        0.0323670396143349
         0.783110224989165        0.0316641510378073
         0.790327830749434        0.0306075483093691
         0.797545436509703        0.0289095214460299
         0.804763042269972         0.027844858691402
          0.81198064803024        0.0258243956441543
         0.819198253790509        0.0282537951370002
         0.826415859550778        0.0263417866381122
         0.833633465311047        0.0236169667446515
         0.840851071071316        0.0233966262835057
         0.848068676831584        0.0251580666173716
         0.855286282591853        0.0231431788302481
         0.862503888352122        0.0217249261353841
         0.869721494112391        0.0192690477203785
          0.87693909987266        0.0210659077337318
         0.884156705632928        0.0195191580385114
         0.891374311393197        0.0194415001891609
         0.898591917153466        0.0196022523177778
         0.905809522913735        0.0181693496553901
         0.913027128674004         0.017806189616454
         0.920244734434272        0.0167892292578159
         0.927462340194541          0.01664771276883
          0.93467994595481        0.0154665439933055
         0.941897551715079        0.0150658021637978
         0.949115157475348        0.0149734522061887
         0.956332763235617        0.0154953808627864
         0.963550368995885        0.0135450380377394
         0.970767974756154         0.013237659330338
         0.977985580516423        0.0136795981624717
         0.985203186276692         0.014547382002763
         0.992420792036961        0.0130721847659138
         0.999638397797229        0.0126570158052767
           1.0068560035575        0.0119509377665967
          1.01407360931777        0.0120376665256409
          1.02129121507804        0.0116449307265497
           1.0285088208383        0.0117845625919381
          1.03572642659857        0.0110772549174308
          1.04294403235884        0.0105243531553315
          1.05016163811911         0.011355374197448
          1.05737924387938        0.0107001229516603
          1.06459684963965       0.00981434985974648
          1.07181445539992       0.00894264244927161
          1.07903206116019       0.00959814069599589
          1.08624966692045       0.00974444060151083
          1.09346727268072       0.00934724340434744
          1.10068487844099       0.00864071836463842
          1.10790248420126        0.0092304982302969
          1.11512008996153       0.00812313786244572
           1.1223376957218       0.00866159929360782
          1.12955530148207       0.00826997810340455
          1.13677290724234       0.00822543013857873
          1.14399051300261         0.007894417265063
          1.15120811876287       0.00731396686320905
          1.15842572452314       0.00771144670671223
          1.16564333028341       0.00728124931920171
          1.17286093604368        0.0074435955805859
          1.18007854180395       0.00751171913515529
          1.18729614756422       0.00695996069229318
          1.19451375332449       0.00653525799217856
          1.20173135908476       0.00677136338426432
          1.20894896484502       0.00657612679303572
          1.21616657060529        0.0061746275477628
          1.22338417636556       0.00605930985877009
          1.23060178212583       0.00622916983269069
           1.2378193878861        0.0060524491890724
          1.24503699364637       0.00594331995818753
          1.25225459940664       0.00531216763545452
          1.25947220516691       0.00613292576231907
          1.26668981092717       0.00540061252591357
          1.27390741668744        0.0056726433458057
          1.28112502244771       0.00532645289608391
          1.28834262820798        0.0052574769930049
          1.29556023396825       0.00535503060981903
          1.30277783972852       0.00514963366868152
          1.30999544548879       0.00489616921335369
          1.31721305124906       0.00505500672270182
          1.32443065700933       0.00492295510768715
          1.33164826276959       0.00498861947714229
          1.33886586852986       0.00446779850927777
          1.34608347429013       0.00467754409594048
           1.3533010800504       0.00465315233077165
          1.36051868581067       0.00437581217173239
          1.36773629157094       0.00432312322227991
          1.37495389733121       0.00409021353390982
          1.38217150309148       0.00424666651882218
          1.38938910885174       0.00447144435873051
          1.39660671461201       0.00409209439700184
          1.40382432037228        0.0038758343693671
          1.41104192613255       0.00394609638184143
          1.41825953189282       0.00386924441294145
          1.42547713765309       0.00383903799890825
          1.43269474341336       0.00372106813090233
          1.43991234917363       0.00366231893593959
          1.44712995493389       0.00374060385419326
          1.45434756069416       0.00347538428259533
          1.46156516645443       0.00347443512126692
           1.4687827722147       0.00352080442842445
          1.47600037797497       0.00336690052415851
          1.48321798373524       0.00322768149791209
          1.49043558949551       0.00322229097679935
          1.49765319525578       0.00343712033823434
          1.50487080101605       0.00317285642061334
          1.51208840677631       0.00324644909588289
          1.51930601253658       0.00312255400345168
          1.52652361829685       0.00303918611553266
          1.53374122405712       0.00302908926268287
          1.54095882981739       0.00289974956139458
          1.54817643557766        0.0029982556410748
          1.55539404133793        0.0029912719408719
           1.5626116470982        0.0028637727268583
          1.56982925285846       0.00281299004683281
          1.57704685861873        0.0027497782661561
            1.584264464379       0.00271062817770175
          1.59148207013927       0.00269749308934089
          1.59869967589954       0.00266359055236388
          1.60591728165981       0.00261101919832101
          1.61313488742008       0.00265885431252318
          1.62035249318035       0.00238549172145882
          1.62757009894062       0.00248598103514593
          1.63478770470088       0.00240500083601358
          1.64200531046115       0.00233188136782048
          1.64922291622142       0.00233639879203948
          1.65644052198169       0.00246721964127211
          1.66365812774196       0.00231063321390682
          1.67087573350223       0.00233516446074647
           1.6780933392625       0.00215062359638231
          1.68531094502277        0.0022169939993007
          1.69252855078303       0.00228358211470535
           1.6997461565433       0.00221445525755451
          1.70696376230357       0.00218031565737578
          1.71418136806384       0.00213282543116154
          1.72139897382411       0.00206410350576414
          1.72861657958438       0.00205050691597842
          1.73583418534465       0.00200048092366825
          1.74305179110492        0.0019307364323464
          1.75026939686519       0.00197965789496349
          1.75748700262545        0.0019362966836761
          1.76470460838572       0.00193975452062353
          1.77192221414599       0.00189053070259403
          1.77913981990626       0.00182193423811737
          1.78635742566653       0.00185675117556923
           1.7935750314268       0.00186765102295296
          1.80079263718707       0.00174992750344775
          1.80801024294734       0.00185096926248145
           1.8152278487076       0.00174905657106538
          1.82244545446787       0.00173049094706611
          1.82966306022814       0.00170236034208693
          1.83688066598841       0.00165554284706256
          1.84409827174868       0.00174479322447174
          1.85131587750895       0.00172970266906311
          1.85853348326922       0.00164926786566007
          1.86575108902949       0.00165746111292387
          1.87296869478975       0.00160316294164181
          1.88018630055002       0.00156968975457765
          1.88740390631029       0.00160982282559154
          1.89462151207056       0.00150356747987655
          1.90183911783083       0.00148480339852377
           1.9090567235911       0.00155057594554714
          1.91627432935137       0.00152510990074786
          1.92349193511164       0.00145103947779851
          1.93070954087191       0.00145033392632947
          1.93792714663217       0.00144893317826642
          1.94514475239244       0.00144950742946185
          1.95236235815271       0.00143655182748543
          1.95957996391298       0.00138291910844042
          1.96679756967325       0.00137628625959502
          1.97401517543352       0.00137068351445222
          1.98123278119379       0.00135531549450207
          1.98845038695406       0.00135521028364816
          1.99566799271432       0.00133471676018373
          2.00288559847459       0.00130081414707842
          2.01010320423486       0.00126775966349503
          2.01732080999513       0.00125968576066463
           2.0245384157554       0.00133453275802755
          2.03175602151567        0.0012626919396549
          2.03897362727594       0.00125476044834876
          2.04619123303621        0.0012646957770066
          2.05340883879647       0.00123502109769428
          2.06062644455674       0.00121496081087351
          2.06784405031701       0.00118295395267402
          2.07506165607728       0.00117594166586746
          2.08227926183755       0.00117066906618653
          2.08949686759782       0.00118383192622742
          2.09671447335809       0.00118513132396515
          2.10393207911836       0.00115342174990406
          2.11114968487863        0.0010792206940719
          2.11836729063889        0.0011082632979133
          2.12558489639916        0.0010419482929289
          2.13280250215943       0.00110057612849897
           2.1400201079197       0.00106600955738784
          2.14723771367997       0.00108885979970597
          2.15445531944024       0.00107609801220542
          2.16167292520051       0.00104040058451016
          2.16889053096078       0.00102155328766633
          2.17610813672104       0.00102948157353716
          2.18332574248131       0.00100800344332439
          2.19054334824158       0.00102191224341014
          2.19776095400185      0.000979995073549804
          2.20497855976212      0.000969952778851815
          2.21219616552239      0.000973669181071162
          2.21941377128266      0.000966016664239272
          2.22663137704293      0.000986700576157766
          2.23384898280319      0.000935738070397674
          2.24106658856346      0.000947693552127743
          2.24828419432373      0.000962372168054328
            2.255501800084      0.000926137999226507
          2.26271940584427      0.000935961957042049
          2.26993701160454       0.00093068095124681
          2.27715461736481      0.000902188940686962
          2.28437222312508      0.000908287476684582
          2.29158982888535      0.000865189267655285
          2.29880743464561      0.000888991016399313
          2.30602504040588      0.000885270982761524
          2.31324264616615       0.00087553016801555
          2.32046025192642      0.000869428738351358
          2.32767785768669      0.000885619800876788
          2.33489546344696      0.000827653051082892
          2.34211306920723      0.000840067918878165
           2.3493306749675      0.000844521968273071
          2.35654828072776      0.000813538420540362
          2.36376588648803       0.00080718324924163
           2.3709834922483      0.000791293959036154
          2.37820109800857      0.000810859221408328
          2.38541870376884      0.000765507011452007
          2.39263630952911      0.000762309184378965
          2.39985391528938      0.000819138533372449
          2.40707152104965      0.000770018625311568
          2.41428912680991      0.000773698563315027
          2.42150673257018      0.000765600409337576
          2.42872433833045      0.000756685711927562
          2.43594194409072      0.000768990749267473
          2.44315954985099      0.000727048444656587
          2.45037715561126      0.000718242598926937
          2.45759476137153      0.000742381656568457
           2.4648123671318      0.000711030469003197
          2.47202997289207      0.000717749287220393
          2.47924757865233      0.000708930768075128
           2.4864651844126      0.000687488751855408
          2.49368279017287      0.000703336686854043
          2.50090039593314      0.000694519787867552
          2.50811800169341      0.000715259893819105
          2.51533560745368      0.000673521694310636
          2.52255321321395      0.000687518192233735
          2.52977081897422       0.00066625337002828
          2.53698842473448      0.000655670167042393
          2.54420603049475       0.00066243140229123
          2.55142363625502      0.000669159711016605
          2.55864124201529      0.000655290821690095
          2.56585884777556      0.000661981351574386
          2.57307645353583      0.000648266526918402
           2.5802940592961      0.000634987024099129
          2.58751166505637      0.000620473661018536
          2.59472927081663      0.000626810751379229
           2.6019468765769      0.000638504348044152
          2.60916448233717      0.000624737954740017
          2.61638208809744      0.000622564654781837
          2.62359969385771       0.00063671874151322
          2.63081729961798      0.000597104906576855
          2.63803490537825      0.000628945841943219
          2.64525251113852      0.000609750069965387
          2.65247011689879      0.000599745574431314
          2.65968772265905      0.000601262135266265
          2.66690532841932      0.000580589689768551
          2.67412293417959       0.00057582066437999
          2.68134053993986      0.000581684820192451
          2.68855814570013      0.000587449652945294
           2.6957757514604        0.0005804178360129
          2.70299335722067      0.000570984584238034
          2.71021096298094      0.000581202109530346
           2.7174285687412      0.000552146344697252
          2.72464617450147      0.000573748409683097
          2.73186378026174      0.000550764412755638
          2.73908138602201      0.000560727252563324
          2.74629899178228      0.000558132120656861
          2.75351659754255        0.0005390485583055
          2.76073420330282      0.000534944004808844
          2.76795180906309      0.000532073615894624
          2.77516941482335      0.000528272429662259
          2.78238702058362      0.000529964754752459
          2.78960462634389      0.000529247822697912
          2.79682223210416      0.000509065594523321
          2.80403983786443      0.000520548015407111
           2.8112574436247       0.00052359122843353
          2.81847504938497      0.000520197346757739
          2.82569265514524      0.000511769186087604
          2.83291026090551      0.000501370497224393
          2.84012786666577      0.000500848883342633
          2.84734547242604      0.000490917211971024
          2.85456307818631      0.000503028827606093
          2.86178068394658      0.000511119346267155
          2.86899828970685      0.000490366782607317
          2.87621589546712      0.000500512726862912
          2.88343350122739      0.000482730722961695
          2.89065110698766        0.0004750628676261
          2.89786871274793      0.000484135085111102
          2.90508631850819       0.00049655884289299
          2.91230392426846      0.000487501798528093
          2.91952153002873      0.000468862155800337
            2.926739135789      0.000469182530875769
          2.93395674154927       0.00047954155940787
          2.94117434730954      0.000455940019057622
          2.94839195306981      0.000456463463312826
          2.95560955883008      0.000459302977417997
          2.96282716459034      0.000457043037312956
          2.97004477035061      0.000463154374162369
          2.97726237611088      0.000461273678697559
          2.98447998187115      0.000459507483562753
          2.99169758763142      0.000455225860115576
          2.99891519339169      0.000446893882910163
          3.00613279915196      0.000458179728444422
          3.01335040491223      0.000438107256628538
          3.02056801067249       0.00043473072427659
          3.02778561643276      0.000442876110513451
          3.03500322219303      0.000441510088258288
           3.0422208279533      0.000446307269208813
          3.04943843371357      0.000434746867181562
          3.05665603947384      0.000426107650130579
          3.06387364523411      0.000433224986653199
          3.07109125099438      0.000425568466036823
          3.07830885675465      0.000430136837030571
          3.08552646251491      0.000427041040417542
          3.09274406827518      0.000411019363670758
          3.09996167403545      0.000416824415834409
          3.10717927979572      0.000419625145928541
          3.11439688555599      0.000418307771708181
          3.12161449131626      0.000408305311400605
          3.12883209707653      0.000416861775655574
          3.13604970283679      0.000421532432387112
          3.14326730859706      0.000414612409927613
          3.15048491435733      0.000394132235245334
           3.1577025201176      0.000408385387720992
          3.16492012587787       0.00040783162601513
          3.17213773163814       0.00040008828438101
          3.17935533739841      0.000398878934298694
          3.18657294315868      0.000411394171623707
          3.19379054891895      0.000395619683971293
          3.20100815467922      0.000395520207894215
          3.20822576043948      0.000386790349402159
          3.21544336619975      0.000395472086056752
          3.22266097196002      0.000393268975468646
          3.22987857772029      0.000387063634907913
          3.23709618348056      0.000377337912973838
          3.24431378924083      0.000387060513364866
           3.2515313950011       0.00038005066592413
          3.25874900076136      0.000378736951794212
          3.26596660652163      0.000376043244105567
           3.2731842122819      0.000375615758281769
          3.28040181804217      0.000374103108514083
          3.28761942380244      0.000375513498761437
          3.29483702956271      0.000374356050373106
          3.30205463532298      0.000380914361087001
          3.30927224108325      0.000372112052730753
          3.31648984684352       0.00037313755223315
          3.32370745260378      0.000360174383782912
          3.33092505836405      0.000373302523147491
          3.33814266412432      0.000370325878499162
          3.34536026988459      0.000367952870634183
          3.35257787564486      0.000360552909232676
          3.35979548140513      0.000370724231142488
           3.3670130871654      0.000362355121330233
          3.37423069292567      0.000351880914581267
          3.38144829868593      0.000360923585899493
           3.3886659044462      0.000355848670063617
          3.39588351020647      0.000360756857754439
          3.40310111596674      0.000361258724110386
          3.41031872172701      0.000355647472888324
          3.41753632748728      0.000356904556446559
          3.42475393324755       0.00035284360346427
          3.43197153900782      0.000359015504743362
          3.43918914476808      0.000352123293074614
          3.44640675052835      0.000357042216526002
          3.45362435628862      0.000351167838932731
          3.46084196204889      0.000348463115748275
          3.46805956780916      0.000346969003088503
          3.47527717356943      0.000349726174374273
           3.4824947793297       0.00034701806059071
          3.48971238508997      0.000335690846393634
          3.49692999085024       0.00034141476201607
           3.5041475966105      0.000337493103637648
          3.51136520237077      0.000338969241405438
          3.51858280813104      0.000337259719653419
          3.52580041389131      0.000348938214968223
          3.53301801965158      0.000334159403687955
          3.54023562541185      0.000336610230053285
          3.54745323117212       0.00033719730302033
          3.55467083693239      0.000326133346945625
          3.56188844269265      0.000333127211958497
          3.56910604845292      0.000336942683666277
          3.57632365421319       0.00033092552178456
          3.58354125997346      0.000334047404697868
          3.59075886573373      0.000336619180475835
            3.597976471494      0.000338730002623665
          3.60519407725427      0.000328989551962551
          3.61241168301454       0.00032994693871624
          3.61962928877481      0.000323409331279415
          3.62684689453507      0.000331705136013201
          3.63406450029534      0.000326423950085212
          3.64128210605561      0.000326309378904338
          3.64849971181588      0.000327929011262206
          3.65571731757615      0.000328148413170665
          3.66293492333642      0.000325928987009411
          3.67015252909669       0.00032761852253889
          3.67737013485696      0.000329646720742949
          3.68458774061723      0.000321980662330343
          3.69180534637749      0.000323171697767139
          3.69902295213776      0.000324751035503333
          3.70624055789803      0.000322089441838711
           3.7134581636583      0.000318194053228843
          3.72067576941857      0.000310511934789534
          3.72789337517884        0.0003191106690351
          3.73511098093911      0.000319599322906257
          3.74232858669937      0.000325380907247296
          3.74954619245964      0.000314749568712917
          3.75676379821991      0.000317913087789493
          3.76398140398018      0.000316740151854019
          3.77119900974045      0.000321639795396259
          3.77841661550072      0.000319796822870561
          3.78563422126099      0.000321510552288175
          3.79285182702126      0.000317674471868502
          3.80006943278153      0.000312037471958084
          3.80728703854179      0.000315283155326005
          3.81450464430206       0.00031576007534007
          3.82172225006233      0.000317350314529043
           3.8289398558226      0.000318814729544514
          3.83615746158287      0.000310833650997259
          3.84337506734314      0.000317128878083532
          3.85059267310341      0.000316532692447866
          3.85781027886368      0.000317701478538817
          3.86502788462394      0.000311667524694062
          3.87224549038421      0.000313869613807883
          3.87946309614448      0.000317315061527381
          3.88668070190475      0.000313441248330686
          3.89389830766502       0.00031111465133946
          3.90111591342529      0.000309532866379894
          3.90833351918556      0.000315556771264129
          3.91555112494583      0.000312855295851602
           3.9227687307061      0.000312092522506805
          3.92998633646636      0.000314516410421968
          3.93720394222663      0.000310019260422117
           3.9444215479869      0.000315469110043527
          3.95163915374717      0.000313659415976961
          3.95885675950744      0.000308075769724434
          3.96607436526771      0.000306499733289091
          3.97329197102798      0.000302912901029843
          3.98050957678825      0.000311191086262719
          3.98772718254851      0.000312199180035687
          3.99494478830878      0.000314833160386882
          4.00216239406905      0.000312209256665685
          4.00937999982932      0.000309674236979881
          4.01659760558959      0.000306874708230511
          4.02381521134986       0.00031181839914241
          4.03103281711013      0.000301658471742995
           4.0382504228704      0.000316384779037072
          4.04546802863066      0.000310346378624168
          4.05268563439093      0.000318829685107536
           4.0599032401512      0.000309889469192611
          4.06712084591147      0.000308026370360752
          4.07433845167174      0.000315616369351272
          4.08155605743201      0.000317116605139192
          4.08877366319228      0.000312303023161092
          4.09599126895255      0.000318858512119479
          4.10320887471282       0.00031407643489336
          4.11042648047308      0.000313692735359047
          4.11764408623335      0.000307184313909444
          4.12486169199362      0.000315338420108533
          4.13207929775389      0.000314744640933862
          4.13929690351416      0.000311728305306778
          4.14651450927443       0.00032004272557837
           4.1537321150347      0.000307047462452817
          4.16094972079497      0.000310908063016467
          4.16816732655523      0.000316552704481051
           4.1753849323155      0.000321608160942314
          4.18260253807577      0.000319619308898226
          4.18982014383604      0.000311176629596542
          4.19703774959631      0.000312903719758218
          4.20425535535658      0.000315335125040091
          4.21147296111685      0.000311319335365559
          4.21869056687712      0.000320512986879763
          4.22590817263738       0.00031411825769713
          4.23312577839765      0.000317707904022838
          4.24034338415792      0.000314148453054351
          4.24756098991819      0.000318191144892981
          4.25477859567846      0.000318399709017723
          4.26199620143873      0.000313706224043167
            4.269213807199      0.000312528698206799
          4.27643141295927       0.00031508370923704
          4.28364901871954      0.000305177628478546
           4.2908666244798      0.000312739159371843
          4.29808423024007      0.000316453798546759
          4.30530183600034      0.000312505635511764
          4.31251944176061      0.000310896857130505
          4.31973704752088       0.00031486141763909
          4.32695465328115      0.000316902432689192
          4.33417225904142      0.000308622539755604
          4.34138986480169      0.000313265711802662
          4.34860747056196      0.000311167451284885
          4.35582507632222      0.000311202055545933
          4.36304268208249      0.000308960508709802
          4.37026028784276      0.000315396903333107
          4.37747789360303      0.000314053104368174
           4.3846954993633      0.000311825527719903
          4.39191310512357      0.000311103581582874
          4.39913071088384      0.000307580594271384
          4.40634831664411      0.000309529557413034
          4.41356592240437      0.000315456456724504
          4.42078352816464      0.000314384232156414
          4.42800113392491      0.000304335994865888
          4.43521873968518      0.000306191980844929
          4.44243634544545      0.000318322477945792
          4.44965395120572       0.00031029207684633
          4.45687155696599      0.000311535193695211
          4.46408916272626      0.000310563971226362
          4.47130676848652      0.000309482818388571
          4.47852437424679      0.000311859073758702
          4.48574198000706      0.000310061941093794
          4.49295958576733      0.000308529690216532
           4.5001771915276      0.000299704224613201
          4.50739479728787      0.000313206463636469
          4.51461240304814       0.00030320818784176
          4.52183000880841      0.000302569999074501
          4.52904761456868      0.000310451919934922
          4.53626522032894      0.000307593989957018
          4.54348282608921      0.000315401085198462
          4.55070043184948      0.000304861483263183
          4.55791803760975      0.000306296659389196
          4.56513564337002      0.000307816141410514
          4.57235324913029      0.000307835547252025
          4.57957085489056      0.000304949316320723
          4.58678846065083      0.000311074000336293
          4.59400606641109      0.000302045759650565
          4.60122367217136      0.000314004334974768
          4.60844127793163      0.000302755663681269
           4.6156588836919      0.000305486781196243
          4.62287648945217      0.000309451541043739
          4.63009409521244      0.000308507876703652
          4.63731170097271      0.000307040995839527
          4.64452930673298      0.000307056118256457
          4.65174691249324      0.000307289769168829
          4.65896451825351      0.000311240744556369
          4.66618212401378       0.00030542074763236
          4.67339972977405      0.000306421277932527
          4.68061733553432       0.00031545981270065
          4.68783494129459      0.000309187685023601
          4.69505254705486      0.000304333634615388
          4.70227015281513      0.000309861118521482
          4.70948775857539      0.000314876746937483
          4.71670536433566       0.00031422455589704
          4.72392297009593      0.000305892148432679
           4.7311405758562      0.000298928286554089
          4.73835818161647      0.000310298940858438
          4.74557578737674       0.00031685157503086
          4.75279339313701      0.000310249732485909
          4.76001099889728      0.000310688892992604
          4.76722860465755      0.000313947662442359
          4.77444621041781      0.000310184819941414
          4.78166381617808      0.000316565026550413
          4.78888142193835       0.00031047665752757
          4.79609902769862      0.000311242559703008
          4.80331663345889      0.000326743770231732
          4.81053423921916      0.000316010258251341
          4.81775184497943      0.000320022234695945
           4.8249694507397       0.00031559781192248
          4.83218705649996      0.000317085872064909
          4.83940466226023      0.000309764873607893
           4.8466222680205      0.000304493991125431
          4.85383987378077      0.000310894804976092
          4.86105747954104      0.000313582205237729
          4.86827508530131      0.000320089172547577
          4.87549269106158      0.000322952871199896
          4.88271029682185      0.000320300772363789
          4.88992790258211      0.000323447736537574
          4.89714550834238      0.000321782370645845
          4.90436311410265      0.000324304573229322
          4.91158071986292       0.00031478039776376
          4.91879832562319      0.000323474113715938
          4.92601593138346      0.000315189597015783
          4.93323353714373      0.000327408930862962
            4.940451142904      0.000329962321284574
          4.94766874866426      0.000315824006350469
          4.95488635442453      0.000333477495783978
           4.9621039601848      0.000321059156285399
          4.96932156594507      0.000323724873816323
          4.97653917170534      0.000322594928782635
          4.98375677746561      0.000325456041845966
          4.99097438322588      0.000324572931143783
          4.99819198898615      0.000326238262149323
          5.00540959474642      0.000327160365591855
          5.01262720050668      0.000315984958128897
          5.01984480626695      0.000325932781302131
          5.02706241202722      0.000331435725841944
          5.03428001778749      0.000327423823476607
          5.04149762354776      0.000324262228336183
          5.04871522930803      0.000330702587977897
           5.0559328350683      0.000326174108376872
          5.06315044082857      0.000333163426418443
          5.07036804658884       0.00033574698863739
           5.0775856523491      0.000336060391829984
          5.08480325810937      0.000339911734068673
          5.09202086386964      0.000332372992399913
          5.09923846962991      0.000325430031293647
          5.10645607539018      0.000346079196884062
          5.11367368115045      0.000330893317825494
          5.12089128691072      0.000335088170871468
          5.12810889267099       0.00032896593810582
          5.13532649843125      0.000329497793623697
          5.14254410419152      0.000332168906304567
          5.14976170995179      0.000346409948166868
          5.15697931571206      0.000342323384786506
          5.16419692147233      0.000347530623278955
           5.1714145272326      0.000326224016070946
          5.17863213299287      0.000347853392671977
          5.18584973875314      0.000342036190388412
           5.1930673445134       0.00033924238465409
          5.20028495027367      0.000335766690229795
          5.20750255603394      0.000345027886480061
          5.21472016179421      0.000345885142827015
          5.22193776755448      0.000348142026123765
          5.22915537331475      0.000348074599851006
          5.23637297907502      0.000359155657618474
          5.24359058483529      0.000350613557737242
          5.25080819059556      0.000341914355890185
          5.25802579635582      0.000348253162721508
          5.26524340211609      0.000356771137959959
          5.27246100787636      0.000350047183171454
          5.27967861363663      0.000351624704802323
           5.2868962193969      0.000349067133584854
          5.29411382515717      0.000354019001881937
          5.30133143091744      0.000348826392757198
          5.30854903667771      0.000357519964690361
          5.31576664243797      0.000347589969890721
          5.32298424819824      0.000367526882791626
          5.33020185395851      0.000359125869786795
          5.33741945971878      0.000352676663625586
          5.34463706547905      0.000356602169043181
          5.35185467123932      0.000352093191628303
          5.35907227699959      0.000357870091908268
          5.36628988275986      0.000376672814614958
          5.37350748852012      0.000358382063777682
          5.38072509428039      0.000367853169282024
          5.38794270004066       0.00036673348704538
          5.39516030580093      0.000375616151481269
           5.4023779115612      0.000362091661119216
          5.40959551732147      0.000362579358359899
          5.41681312308174      0.000359871536762674
          5.42403072884201      0.000370099749221615
          5.43124833460228      0.000367339034658574
          5.43846594036254      0.000369979010527535
          5.44568354612281      0.000378836894601433
          5.45290115188308      0.000374287782246935
          5.46011875764335      0.000377169939582578
          5.46733636340362      0.000373727293733996
          5.47455396916389      0.000377994174550378
          5.48177157492416      0.000375940733785208
          5.48898918068443      0.000381902860542853
          5.49620678644469      0.000370364977648245
          5.50342439220496      0.000377067685822551
          5.51064199796523      0.000378523129796609
           5.5178596037255      0.000371781226872943
          5.52507720948577      0.000375031967688876
          5.53229481524604      0.000385701293113485
          5.53951242100631      0.000398702426308471
          5.54673002676658      0.000376768376206822
          5.55394763252685      0.000381513872207996
          5.56116523828711      0.000385163285076176
          5.56838284404738      0.000394091980607624
          5.57560044980765      0.000378798241982902
          5.58281805556792      0.000388604446552911
          5.59003566132819      0.000387043840922249
          5.59725326708846      0.000405506893207216
          5.60447087284873      0.000396341279653096
          5.61168847860899      0.000398224795356238
          5.61890608436926      0.000382242670786856
          5.62612369012953      0.000410042895435724
           5.6333412958898      0.000417692206960667
          5.64055890165007      0.000387090540992515
          5.64777650741034      0.000397347614444971
          5.65499411317061      0.000405892741635249
          5.66221171893088      0.000401679481518103
          5.66942932469115      0.000394107106249257
          5.67664693045141      0.000393804808028545
          5.68386453621168      0.000428249764348523
          5.69108214197195      0.000412568941281987
          5.69829974773222      0.000403992473642779
          5.70551735349249      0.000405125714158651
          5.71273495925276      0.000414546955932171
          5.71995256501303      0.000413481945397274
           5.7271701707733       0.00042321715040833
          5.73438777653357      0.000416641226745438
          5.74160538229383      0.000420216857843447
           5.7488229880541      0.000423252629100811
          5.75604059381437      0.000416356343507442
          5.76325819957464      0.000422827164542257
          5.77047580533491      0.000434363085949715
          5.77769341109518      0.000435126507870571
          5.78491101685545       0.00041407438998653
          5.79212862261572      0.000429172866601146
          5.79934622837598      0.000428014876972465
          5.80656383413625       0.00042549093854908
          5.81378143989652      0.000440100013051296
          5.82099904565679      0.000424352729240834
          5.82821665141706       0.00041865846595463
          5.83543425717733       0.00043338920993148
           5.8426518629376      0.000424108154854738
          5.84986946869787      0.000434617026218036
          5.85708707445813      0.000443564585596767
           5.8643046802184      0.000428480821788933
          5.87152228597867      0.000428906097016369
          5.87873989173894      0.000449565401583848
          5.88595749749921      0.000449904270382487
          5.89317510325948      0.000439236589518173
          5.90039270901975      0.000449330960148288
          5.90761031478002      0.000437252422040918
          5.91482792054028       0.00043512309085359
          5.92204552630055      0.000439772286398698
          5.92926313206082      0.000438370154207366
          5.93648073782109      0.000457143920503245
          5.94369834358136      0.000440366863379116
          5.95091594934163      0.000445408865185607
           5.9581335551019      0.000469900015556911
          5.96535116086217      0.000443705005610416
          5.97256876662244      0.000448020722776172
           5.9797863723827      0.000471228630957971
          5.98700397814297      0.000447260135082161
          5.99422158390324      0.000445230313618545
          6.00143918966351      0.000421683270249678
          6.00865679542378      0.000485063320879646
          6.01587440118405      0.000428118072925063
          6.02309200694432       0.00046068618821433
          6.03030961270459       0.00045582731886733
          6.03752721846486      0.000464692127334021
          6.04474482422512        0.0004481585083858
          6.05196242998539      0.000452199887502336
          6.05918003574566      0.000468904862600612
          6.06639764150593       0.00046832577713326
           6.0736152472662      0.000448708826944226
          6.08083285302647      0.000480020949491877
          6.08805045878674      0.000466145238808138
            6.095268064547      0.000461429248164337
          6.10248567030727      0.000437752300899827
          6.10970327606754      0.000505720779037573
          6.11692088182781      0.000439434803156311
          6.12413848758808      0.000461960428064637
          6.13135609334835      0.000478593431947529
          6.13857369910862      0.000478310527960911
          6.14579130486889      0.000431435804685217
          6.15300891062916      0.000496559690674187
          6.16022651638942      0.000487903921951367
          6.16744412214969      0.000486249657173007
          6.17466172790996      0.000468187476807438
          6.18187933367023      0.000531517431611767
           6.1890969394305      0.000493155544611986
          6.19631454519077      0.000462859449132694
          6.20353215095104      0.000480016226540362
          6.21074975671131      0.000493205984302577
          6.21796736247157      0.000460343958277576
          6.22518496823184      0.000486343322354088
          6.23240257399211      0.000498655093780357
          6.23962017975238      0.000489483739273304
          6.24683778551265      0.000459459675806993
          6.25405539127292      0.000524066576420683
          6.26127299703319      0.000496369561626876
          6.26849060279346      0.000469814384197226
          6.27570820855373      0.000485496400182651
          6.28292581431399      0.000505109294274654
          6.29014342007426      0.000473658967847268
          6.29736102583453      0.000494694569336342
           6.3045786315948      0.000511805830213735
          6.31179623735507      0.000537001623563494
          6.31901384311534      0.000482418846152858
          6.32623144887561      0.000479169712783063
          6.33344905463588      0.000501179764530448
          6.34066666039614      0.000484516047850059
          6.34788426615641      0.000495076284766441
          6.35510187191668      0.000537684792639966
          6.36231947767695      0.000530628513963337
          6.36953708343722      0.000519651948666681
          6.37675468919749      0.000545541309229734
          6.38397229495776      0.000519348579204532
          6.39118990071803      0.000466866438824436
          6.39840750647829      0.000562264912441285
          6.40562511223856       0.00054082402454033
          6.41284271799883      0.000547819142856411
           6.4200603237591      0.000491425758967268
          6.42727792951937       0.00050255237863187
          6.43449553527964      0.000582089844302732
          6.44171314103991      0.000485384321739074
          6.44893074680018      0.000484003878627129
          6.45614835256045      0.000549060575036028
          6.46336595832071      0.000530698893307299
          6.47058356408098      0.000523446395501523
          6.47780116984125      0.000514895767269357
          6.48501877560152      0.000598424120609457
          6.49223638136179      0.000514076104458135
          6.49945398712206      0.000537047490251984
          6.50667159288233      0.000569915108814483
           6.5138891986426      0.000575701366314142
          6.52110680440286       0.00048519320624219
          6.52832441016313      0.000592153005192351
           6.5355420159234       0.00060927389695018
          6.54275962168367      0.000517459491283297
          6.54997722744394      0.000520226751431962
          6.55719483320421      0.000549555952059781
          6.56441243896448      0.000555618405518067
          6.57163004472475      0.000549300550522406
          6.57884765048502      0.000566103003122773
          6.58606525624528      0.000610745467964309
          6.59328286200555      0.000503825236889587
          6.60050046776582      0.000570847579780295
          6.60771807352609      0.000578485251594771
          6.61493567928636      0.000530104721214821
          6.62215328504663      0.000547032956129659
           6.6293708908069      0.000613356377170626
          6.63658849656717      0.000642064911714743
          6.64380610232743       0.00053747289349052
           6.6510237080877       0.00057574814236992
          6.65824131384797      0.000680677911389754
          6.66545891960824      0.000634041617461241
          6.67267652536851      0.000584665698843265
          6.67989413112878      0.000636949215360292
          6.68711173688905      0.000634138647558347
          6.69432934264932      0.000557771457427462
          6.70154694840959      0.000591362500625977
          6.70876455416985      0.000657706110224463
          6.71598215993012      0.000524690972545562
          6.72319976569039      0.000622553018050932
          6.73041737145066      0.000653404945053784
          6.73763497721093      0.000863401747889502
           6.7448525829712      0.000641113539652154
          6.75207018873147      0.000632363050881787
          6.75928779449173      0.000690721920668678
            6.766505400252      0.000657893628901882
          6.77372300601227      0.000642608283783098
          6.78094061177254      0.000702618472991667
          6.78815821753281      0.000753499171028726
          6.79537582329308      0.000649315747049442
          6.80259342905335      0.000624172337946756
          6.80981103481362      0.000982507916369657
          6.81702864057389      0.000634153203942934
          6.82424624633415      0.000768410676693272
          6.83146385209442      0.000856332791846999
          6.83868145785469      0.000602017123127899
          6.84589906361496      0.000764814028655708
          6.85311666937523      0.000762351591189665
           6.8603342751355       0.00101950270051798
          6.86755188089577      0.000722122185124036
          6.87476948665604      0.000780989598599117
          6.88198709241631      0.000728430356469534
          6.88920469817657      0.000716885945945224
          6.89642230393684      0.000685510532606821
          6.90363990969711      0.000787342343900638
          6.91807512121765      0.000709068897596787
          6.92529272697792      0.000778056857937814
          6.93251033273819      0.000634295076766181
          6.93972793849846      0.000709959167132818
          6.94694554425872      0.000819963268638241
          6.95416315001899        0.0010091655913262
          6.96859836153953      0.000837602427853177
           6.9758159672998      0.000902995284984908
          6.99025117882034         0.000683067962258
          6.99746878458061      0.000823437973888777
          7.01912160186141        0.0007801379281126
          7.02633920762168      0.000970176371706482
          7.04077441914222      0.000714333831747964
          7.04799202490249         0.000925906795991
          7.06964484218329      0.000726511398909818
           7.0912976594641      0.000866259002029264
          7.12016808250517      0.000852527968079188
          7.14182089978598      0.000998944292934062
          7.17069132282706      0.000980498245129575
          7.19234414010786      0.000723840774869991
