        0.0469144374417472         0.143890709634813
        0.0613496489622848         0.092892680448282
        0.0757848604828224         0.276346403347265
          0.09022007200336         0.776798501587724
        0.0974376777636289         0.832815222598583
         0.104655283523898         0.494380676534816
         0.126308100804704          1.09741377007371
         0.133525706564973          1.12254061071235
         0.140743312325242         0.875945841169209
          0.14796091808551          1.42249246967975
         0.155178523845779          1.04568412024999
         0.162396129606048          1.08177016732257
         0.176831341126586         0.744745134948456
         0.184048946886854          0.67924353416702
         0.191266552647123          1.07601833782437
         0.198484158407392         0.870611917939491
         0.205701764167661          1.04805054655723
          0.21291936992793          1.45432151721348
         0.220136975688199         0.864582204140247
         0.227354581448467         0.875553549940721
         0.234572187208736         0.730420428540738
         0.249007398729274         0.685475579687883
         0.256225004489543         0.774059383848076
         0.263442610249811         0.681529547319513
          0.27066021601008         0.517947058264356
         0.277877821770349         0.607480778991616
         0.285095427530618         0.526341050598322
         0.292313033290887         0.505856183180047
         0.299530639051155         0.508400973360358
         0.306748244811424          0.58745637931966
         0.313965850571693          0.47518845652914
         0.321183456331962          0.44759342734464
         0.328401062092231         0.526993242127695
         0.335618667852499         0.430372537804804
         0.342836273612768         0.420377515902107
         0.350053879373037         0.314591418288718
         0.357271485133306         0.286781157262086
         0.364489090893575         0.296833758480077
         0.371706696653843         0.294159668885986
         0.378924302414112         0.274595402794905
         0.386141908174381         0.276895316683834
          0.39335951393465          0.25104788435106
         0.400577119694919         0.229861750603401
         0.407794725455187         0.228733076928382
         0.415012331215456         0.208305885608087
         0.422229936975725         0.163813478810242
         0.429447542735994         0.176879962786777
         0.436665148496263         0.179952716889293
         0.443882754256531         0.159247472431701
           0.4511003600168         0.148010555880132
         0.458317965777069         0.152627122149339
         0.465535571537338         0.150273306292188
         0.472753177297607         0.126397006005042
         0.479970783057875         0.126846904159965
         0.487188388818144         0.116617483008328
         0.494405994578413        0.0934103073865157
         0.501623600338682         0.116302385865255
         0.508841206098951        0.0911751030570621
          0.51605881185922         0.103165171502757
         0.523276417619488        0.0955192262113889
         0.530494023379757        0.0974452098364686
         0.537711629140026         0.091719039329291
         0.544929234900295        0.0889668402344902
         0.552146840660564        0.0706485215336603
         0.559364446420832        0.0785234031201145
         0.566582052181101        0.0685913194614967
          0.57379965794137        0.0676872075433503
         0.581017263701639        0.0683172541495296
         0.588234869461908        0.0621961573876672
         0.595452475222176        0.0549128106067935
         0.602670080982445        0.0554295833492538
         0.609887686742714        0.0579117796633024
         0.617105292502983        0.0499190126186694
         0.624322898263251        0.0475178926280782
          0.63154050402352        0.0486729547712684
         0.638758109783789        0.0430340915171381
         0.645975715544058        0.0399560299009952
         0.653193321304327        0.0416127003165938
         0.660410927064595        0.0378066972832795
         0.667628532824864        0.0335124959394667
         0.674846138585133        0.0339802020136265
         0.682063744345402        0.0329398860944844
         0.689281350105671        0.0333082611365328
          0.69649895586594        0.0315328053890215
         0.703716561626208        0.0290930739434848
         0.710934167386477         0.029210284896195
         0.718151773146746        0.0270573563741359
         0.725369378907015         0.024569938150507
         0.732586984667284        0.0239268803857642
         0.739804590427552        0.0234996891430192
         0.747022196187821        0.0240093742414457
          0.75423980194809        0.0218268505329685
         0.761457407708359        0.0232014322316385
         0.768675013468628        0.0206402324588855
         0.775892619228896        0.0197848255263665
         0.783110224989165        0.0203512901553867
         0.790327830749434        0.0201812228086335
         0.797545436509703        0.0191992243863356
         0.804763042269972        0.0155151411789746
          0.81198064803024        0.0158244844575192
         0.819198253790509        0.0170909361641608
         0.826415859550778        0.0142579976746649
         0.833633465311047        0.0152595134261154
         0.840851071071316        0.0144470370557274
         0.848068676831584        0.0140635007795726
         0.855286282591853        0.0139704499675118
         0.862503888352122         0.012368766619937
         0.869721494112391        0.0123685503731155
          0.87693909987266        0.0131873545631355
         0.884156705632928        0.0108847018045963
         0.891374311393197        0.0104803642358677
         0.898591917153466        0.0111977251320665
         0.905809522913735        0.0103164848453855
         0.913027128674004        0.0107072952588792
         0.920244734434272       0.00994088336908639
         0.927462340194541       0.00984612886700743
          0.93467994595481       0.00930220086019113
         0.941897551715079       0.00954603395755069
         0.949115157475348       0.00840969639413431
         0.956332763235617       0.00915074979839462
         0.963550368995885       0.00830040361533893
         0.970767974756154       0.00893622366414549
         0.977985580516423       0.00834764592656587
         0.985203186276692       0.00780193702652302
         0.992420792036961        0.0073073659657407
         0.999638397797229       0.00753347591054815
           1.0068560035575       0.00666246471637221
          1.01407360931777       0.00728581426198924
          1.02129121507804       0.00670393107960665
           1.0285088208383       0.00687608587674692
          1.03572642659857       0.00682109749132645
          1.04294403235884       0.00657176747508072
          1.05016163811911       0.00601694538179865
          1.05737924387938       0.00595771297431549
          1.06459684963965       0.00633010440912531
          1.07181445539992       0.00590296259168782
          1.07903206116019       0.00572070406390273
          1.08624966692045       0.00580285899842081
          1.09346727268072       0.00532979599008851
          1.10068487844099       0.00499679991261125
          1.10790248420126       0.00527431677942047
          1.11512008996153       0.00508480115474777
           1.1223376957218        0.0051363360004468
          1.12955530148207       0.00477086807106541
          1.13677290724234       0.00497602632661163
          1.14399051300261       0.00459372813792003
          1.15120811876287       0.00469311432476043
          1.15842572452314        0.0045148134809502
          1.16564333028341       0.00454237887444501
          1.17286093604368       0.00426916104870197
          1.18007854180395        0.0042416739159834
          1.18729614756422       0.00414062860393946
          1.19451375332449       0.00425602865839517
          1.20173135908476       0.00405648387831545
          1.20894896484502       0.00391776838213079
          1.21616657060529        0.0037488327910599
          1.22338417636556       0.00388134612506212
          1.23060178212583        0.0037050516084945
           1.2378193878861        0.0033849538781445
          1.24503699364637         0.003470541278279
          1.25225459940664       0.00327354552363702
          1.25947220516691       0.00326050309580917
          1.26668981092717       0.00335573948149594
          1.27390741668744       0.00341340549715088
          1.28112502244771       0.00313863655377057
          1.28834262820798       0.00306773142908849
          1.29556023396825       0.00307398756279832
          1.30277783972852       0.00307887555447247
          1.30999544548879       0.00298585995671488
          1.31721305124906       0.00319275699025506
          1.32443065700933       0.00285797209424992
          1.33164826276959       0.00274237982140546
          1.33886586852986       0.00260952216675012
          1.34608347429013       0.00275972922628197
           1.3533010800504       0.00273161891311989
          1.36051868581067       0.00256233577167825
          1.36773629157094        0.0026620787601614
          1.37495389733121       0.00247637676567285
          1.38217150309148       0.00258417522000551
          1.38938910885174       0.00252045925202332
          1.39660671461201        0.0022531670593216
          1.40382432037228       0.00235972160006995
          1.41104192613255       0.00229047547329295
          1.41825953189282       0.00240749809315665
          1.42547713765309       0.00222573843202489
          1.43269474341336       0.00219342170994578
          1.43991234917363       0.00215458911932957
          1.44712995493389       0.00204594513477866
          1.45434756069416       0.00208358916619962
          1.46156516645443       0.00215566062303602
           1.4687827722147       0.00198456256207095
          1.47600037797497       0.00198524378187662
          1.48321798373524       0.00198775742438892
          1.49043558949551       0.00189681825298774
          1.49765319525578        0.0018480537597725
          1.50487080101605       0.00178950085356842
          1.51208840677631       0.00195932904421649
          1.51930601253658       0.00184827103121017
          1.52652361829685       0.00176805118365047
          1.53374122405712       0.00187278551743294
          1.54095882981739       0.00181193267719848
          1.54817643557766       0.00170209224541067
          1.55539404133793       0.00159175283686777
           1.5626116470982       0.00165729297569603
          1.56982925285846       0.00167384942613774
          1.57704685861873        0.0016669063436479
            1.584264464379       0.00164445030234654
          1.59148207013927        0.0015782701276148
          1.59869967589954       0.00151722300737537
          1.60591728165981       0.00159642246964174
          1.61313488742008       0.00150876493431066
          1.62035249318035       0.00144051354753251
          1.62757009894062       0.00147842998091713
          1.63478770470088       0.00146569805219541
          1.64200531046115        0.0014101907964331
          1.64922291622142       0.00143136129968649
          1.65644052198169       0.00142403818514159
          1.66365812774196       0.00135012072223843
          1.67087573350223       0.00129563983209771
           1.6780933392625       0.00137523058737456
          1.68531094502277       0.00138992624685379
          1.69252855078303       0.00124565749144586
           1.6997461565433        0.0013769469580024
          1.70696376230357       0.00128282561516822
          1.71418136806384        0.0012320976717077
          1.72139897382411       0.00123533950154014
          1.72861657958438       0.00116227940718735
          1.73583418534465       0.00118500752502936
          1.74305179110492        0.0011795171875111
          1.75026939686519       0.00116043397193008
          1.75748700262545        0.0012081855650248
          1.76470460838572       0.00112518536504112
          1.77192221414599       0.00114210907263236
          1.77913981990626       0.00108255201403123
          1.78635742566653       0.00108902957307192
           1.7935750314268       0.00109343763862149
          1.80079263718707       0.00100888873876794
          1.80801024294734       0.00105383764244982
           1.8152278487076       0.00105078165685428
          1.82244545446787       0.00103356436578853
          1.82966306022814       0.00102874612416391
          1.83688066598841      0.000997368224222651
          1.84409827174868      0.000980087191132714
          1.85131587750895      0.000999024060435577
          1.85853348326922      0.000962836654846703
          1.86575108902949      0.000964572019105482
          1.87296869478975      0.000976732173186117
          1.88018630055002      0.000928033408499565
          1.88740390631029      0.000889428370432064
          1.89462151207056      0.000892696965622288
          1.90183911783083      0.000879176790628032
           1.9090567235911       0.00084726488415821
          1.91627432935137      0.000890985501042347
          1.92349193511164      0.000890270278599086
          1.93070954087191      0.000880823730974503
          1.93792714663217      0.000863093174834711
          1.94514475239244       0.00084537128920435
          1.95236235815271      0.000825577348800867
          1.95957996391298      0.000795639582264822
          1.96679756967325      0.000781277633565262
          1.97401517543352      0.000788010627993571
          1.98123278119379      0.000782970802049243
          1.98845038695406      0.000776800212406133
          1.99566799271432      0.000790847172452591
          2.00288559847459      0.000784274500043577
          2.01010320423486      0.000786423033091321
          2.01732080999513      0.000741030026994237
           2.0245384157554      0.000745643098474367
          2.03175602151567      0.000743451025420456
          2.03897362727594      0.000735085235328682
          2.04619123303621      0.000736049792217785
          2.05340883879647      0.000692925734110108
          2.06062644455674      0.000708792942703978
          2.06784405031701      0.000724717238561295
          2.07506165607728      0.000714369407495688
          2.08227926183755      0.000681772486896692
          2.08949686759782      0.000659825627299255
          2.09671447335809      0.000687622577787198
          2.10393207911836      0.000661722822160545
          2.11114968487863       0.00068246564448387
          2.11836729063889      0.000661971738393011
          2.12558489639916      0.000646569685724177
          2.13280250215943      0.000632766275768626
           2.1400201079197      0.000629577455318147
          2.14723771367997      0.000646683334945825
          2.15445531944024      0.000604476778226747
          2.16167292520051      0.000628827547602889
          2.16889053096078      0.000598587782822053
          2.17610813672104      0.000616366777801035
          2.18332574248131      0.000588803972463147
          2.19054334824158      0.000597139106196792
          2.19776095400185      0.000576783213355957
          2.20497855976212      0.000579244484478974
          2.21219616552239      0.000591169767147407
          2.21941377128266       0.00057489132101085
          2.22663137704293      0.000561185793145342
          2.23384898280319      0.000548372839136192
          2.24106658856346      0.000571474202590824
          2.24828419432373      0.000555838116799444
            2.255501800084      0.000549658955859864
          2.26271940584427      0.000556547394851945
          2.26993701160454      0.000534379876066405
          2.27715461736481      0.000531457950708339
          2.28437222312508      0.000520113849771391
          2.29158982888535      0.000519467521957965
          2.29880743464561      0.000507555246155103
          2.30602504040588      0.000528766736611079
          2.31324264616615      0.000487543685039958
          2.32046025192642      0.000494060571514196
          2.32767785768669      0.000493256884497745
          2.33489546344696      0.000487836101670133
          2.34211306920723      0.000487768377377703
           2.3493306749675      0.000468566009410249
          2.35654828072776      0.000470521228647105
          2.36376588648803      0.000469328219312324
           2.3709834922483      0.000456544250475237
          2.37820109800857      0.000478388226985127
          2.38541870376884      0.000452288280620472
          2.39263630952911      0.000468182743871303
          2.39985391528938      0.000454042837067703
          2.40707152104965      0.000464145735897919
          2.41428912680991      0.000452606229577318
          2.42150673257018       0.00043701362209246
          2.42872433833045      0.000438696812852975
          2.43594194409072      0.000441787499305231
          2.44315954985099      0.000442348980105944
          2.45037715561126       0.00043532281610852
          2.45759476137153      0.000439079093789311
           2.4648123671318      0.000419340946099851
          2.47202997289207       0.00041969224395747
          2.47924757865233      0.000410635811391176
           2.4864651844126      0.000417597099044481
          2.49368279017287      0.000423540618068186
          2.50090039593314      0.000406045305135207
          2.50811800169341      0.000404345515954847
          2.51533560745368      0.000394029194928479
          2.52255321321395       0.00039334805470998
          2.52977081897422      0.000393381350785793
          2.53698842473448      0.000389041230721214
          2.54420603049475       0.00038711380595204
          2.55142363625502      0.000390605539021171
          2.55864124201529      0.000385520654334235
          2.56585884777556      0.000388776394848838
          2.57307645353583      0.000380780484683389
           2.5802940592961      0.000388903556090815
          2.58751166505637      0.000389169814293538
          2.59472927081663      0.000365085711426248
           2.6019468765769      0.000360809054743599
          2.60916448233717      0.000370505925695739
          2.61638208809744      0.000364645435156777
          2.62359969385771      0.000368509442311073
          2.63081729961798      0.000345370863422152
          2.63803490537825      0.000340921653916305
          2.64525251113852      0.000351953814030138
          2.65247011689879      0.000350211689806658
          2.65968772265905      0.000347852026788152
          2.66690532841932      0.000353785776330026
          2.67412293417959      0.000349555229806191
          2.68134053993986      0.000343241635471348
          2.68855814570013      0.000339694202888658
           2.6957757514604       0.00033601078841316
          2.70299335722067      0.000330023097293208
          2.71021096298094      0.000324654454282108
           2.7174285687412      0.000331695639583422
          2.72464617450147      0.000331901115597252
          2.73186378026174      0.000328641557652041
          2.73908138602201      0.000324255187105772
          2.74629899178228      0.000310390116788471
          2.75351659754255      0.000320706063796238
          2.76073420330282      0.000316387400618479
          2.76795180906309      0.000314909478109007
          2.77516941482335      0.000314733389501472
          2.78238702058362      0.000312295440727171
          2.78960462634389      0.000304625826867012
          2.79682223210416      0.000307873077385171
          2.80403983786443      0.000298919660293866
           2.8112574436247      0.000306160794555429
          2.81847504938497      0.000290666907876861
          2.82569265514524      0.000305124311094922
          2.83291026090551      0.000294710275034445
          2.84012786666577      0.000294016501734575
          2.84734547242604       0.00029180316813054
          2.85456307818631      0.000294905775910045
          2.86178068394658      0.000294363606730961
          2.86899828970685      0.000276608235633086
          2.87621589546712      0.000288299716898819
          2.88343350122739      0.000279813148858219
          2.89065110698766      0.000285408340341918
          2.89786871274793        0.0002813037840905
          2.90508631850819      0.000289916759772799
          2.91230392426846       0.00028033256519168
          2.91952153002873      0.000280171300801722
            2.926739135789      0.000279688390659121
          2.93395674154927      0.000263701258869513
          2.94117434730954      0.000273580467584476
          2.94839195306981      0.000267920070406426
          2.95560955883008      0.000271106868460973
          2.96282716459034      0.000283552981844195
          2.97004477035061      0.000266427278832487
          2.97726237611088      0.000263804301880619
          2.98447998187115      0.000264173524570016
          2.99169758763142      0.000263394920366245
          2.99891519339169      0.000265748968784312
          3.00613279915196      0.000261727783419514
          3.01335040491223      0.000261630160996539
          3.02056801067249      0.000253161760579289
          3.02778561643276      0.000246368095516949
          3.03500322219303      0.000258473943694888
           3.0422208279533        0.0002568898742969
          3.04943843371357      0.000250709281968269
          3.05665603947384      0.000250081528804493
          3.06387364523411      0.000247984351903734
          3.07109125099438      0.000248981531260487
          3.07830885675465      0.000245216777897113
          3.08552646251491      0.000243132891073408
          3.09274406827518      0.000243198432553492
          3.09996167403545      0.000243119454518237
          3.10717927979572      0.000244940183278927
          3.11439688555599      0.000237660921357185
          3.12161449131626      0.000235447441449101
          3.12883209707653      0.000238820552237846
          3.13604970283679      0.000241827829547928
          3.14326730859706      0.000233864280557264
          3.15048491435733      0.000238011713696649
           3.1577025201176      0.000235225780643588
          3.16492012587787      0.000232658633610318
          3.17213773163814      0.000233543790752007
          3.17935533739841      0.000232752185961965
          3.18657294315868      0.000229314224392708
          3.19379054891895      0.000236141333012289
          3.20100815467922      0.000230543087927125
          3.20822576043948      0.000225139165795583
          3.21544336619975       0.00023600140439465
          3.22266097196002      0.000226568688009448
          3.22987857772029       0.00022752949632434
          3.23709618348056      0.000225850944089507
          3.24431378924083      0.000227720533034498
           3.2515313950011      0.000222977839910344
          3.25874900076136      0.000225122141226632
          3.26596660652163      0.000218734228195115
           3.2731842122819      0.000222555309201907
          3.28040181804217      0.000219462666202028
          3.28761942380244      0.000217857486937644
          3.29483702956271      0.000220866262831468
          3.30205463532298       0.00021606072844272
          3.30927224108325      0.000214814672555673
          3.31648984684352      0.000215257391596163
          3.32370745260378      0.000214501065968208
          3.33092505836405      0.000212721003053703
          3.33814266412432      0.000211052346367047
          3.34536026988459      0.000213285513189266
          3.35257787564486      0.000213249771433357
          3.35979548140513      0.000212618082761824
           3.3670130871654       0.00021368076054205
          3.37423069292567      0.000207695708699236
          3.38144829868593      0.000212887288697477
           3.3886659044462      0.000204325842338677
          3.39588351020647      0.000206532749328256
          3.40310111596674      0.000205850389275456
          3.41031872172701      0.000210768563532763
          3.41753632748728      0.000205130932623455
          3.42475393324755      0.000210102695991484
          3.43197153900782        0.0002045904511132
          3.43918914476808      0.000208380012055676
          3.44640675052835      0.000201540170424788
          3.45362435628862      0.000201818941035716
          3.46084196204889      0.000202969370495587
          3.46805956780916      0.000201834450373282
          3.47527717356943      0.000203910794875014
           3.4824947793297      0.000197576365471925
          3.48971238508997      0.000201992629261204
          3.49692999085024       0.00019712498099537
           3.5041475966105      0.000198997330226664
          3.51136520237077      0.000199914264219324
          3.51858280813104      0.000193978601533052
          3.52580041389131      0.000201102001628194
          3.53301801965158      0.000198396579747331
          3.54023562541185      0.000195866619724562
          3.54745323117212      0.000195252282090886
          3.55467083693239      0.000198765163272671
          3.56188844269265      0.000193340008065789
          3.56910604845292      0.000196779463315389
          3.57632365421319      0.000192476954809624
          3.58354125997346      0.000197163220798014
          3.59075886573373      0.000193662102311442
            3.597976471494      0.000193272116701701
          3.60519407725427      0.000191883658792007
          3.61241168301454      0.000193368162649638
          3.61962928877481       0.00019237949001876
          3.62684689453507      0.000188634764679503
          3.63406450029534       0.00018696352709851
          3.64128210605561      0.000189922431931696
          3.64849971181588      0.000190202321794348
          3.65571731757615      0.000190903808813641
          3.66293492333642      0.000189463872460301
          3.67015252909669      0.000190108940912674
          3.67737013485696      0.000189012878744387
          3.68458774061723      0.000187225250672621
          3.69180534637749      0.000185486391456013
          3.69902295213776       0.00018984109754884
          3.70624055789803      0.000188972185230514
           3.7134581636583      0.000183489821060894
          3.72067576941857       0.00018942496886125
          3.72789337517884      0.000190555858745068
          3.73511098093911      0.000189051058915104
          3.74232858669937      0.000183860903764939
          3.74954619245964      0.000184835099069371
          3.75676379821991      0.000186975490346351
          3.76398140398018      0.000183183031751998
          3.77119900974045      0.000184230076345857
          3.77841661550072      0.000183009022003087
          3.78563422126099       0.00018735069650072
          3.79285182702126      0.000184881020575477
          3.80006943278153       0.00018552685205447
          3.80728703854179      0.000180493875285392
          3.81450464430206      0.000182364198095079
          3.82172225006233      0.000185246264798869
           3.8289398558226      0.000185678244976952
          3.83615746158287      0.000183220247374875
          3.84337506734314      0.000185263900747952
          3.85059267310341      0.000186226436653971
          3.85781027886368      0.000182222330229896
          3.86502788462394      0.000185136952465196
          3.87224549038421      0.000180514122609322
          3.87946309614448      0.000180177566325439
          3.88668070190475      0.000186840308391823
          3.89389830766502      0.000181611257329965
          3.90111591342529      0.000183274511378612
          3.90833351918556      0.000183788434856953
          3.91555112494583      0.000182723061337637
           3.9227687307061      0.000182455052767197
          3.92998633646636      0.000181694402862924
          3.93720394222663      0.000180181716962759
           3.9444215479869      0.000183908060271261
          3.95163915374717      0.000186000215588583
          3.95885675950744      0.000183794926042137
          3.96607436526771      0.000177710755381494
          3.97329197102798      0.000179617407717618
          3.98050957678825      0.000180533034050532
          3.98772718254851       0.00017497212954835
          3.99494478830878      0.000184735313802011
          4.00216239406905      0.000181391721433477
          4.00937999982932      0.000181003588816467
          4.01659760558959      0.000184102674781452
          4.02381521134986      0.000180478273031068
          4.03103281711013       0.00017763685992897
           4.0382504228704      0.000182576496831253
          4.04546802863066      0.000183465424292735
          4.05268563439093      0.000182475820771651
           4.0599032401512      0.000180793415964109
          4.06712084591147      0.000180934492795689
          4.07433845167174      0.000180222989733709
          4.08155605743201      0.000180337860341649
          4.08877366319228      0.000184677469175182
          4.09599126895255      0.000182490476384014
          4.10320887471282      0.000182545254110535
          4.11042648047308      0.000184258724919987
          4.11764408623335      0.000180181145920915
          4.12486169199362      0.000178976591823179
          4.13207929775389       0.00018513770635221
          4.13929690351416      0.000183748307423565
          4.14651450927443      0.000179858052937234
           4.1537321150347      0.000184707066135135
          4.16094972079497      0.000182894236099336
          4.16816732655523      0.000187040528432269
           4.1753849323155      0.000182581464715612
          4.18260253807577      0.000185794129508871
          4.18982014383604      0.000181473237855806
          4.19703774959631      0.000184292231994774
          4.20425535535658       0.00018193102123644
          4.21147296111685      0.000180734921176031
          4.21869056687712      0.000187566443537772
          4.22590817263738      0.000180285029985165
          4.23312577839765      0.000183148423952696
          4.24034338415792      0.000185817003752088
          4.24756098991819      0.000185640014835903
          4.25477859567846      0.000184282704615713
          4.26199620143873      0.000185119681526949
            4.269213807199      0.000182144355633603
          4.27643141295927      0.000182838386975447
          4.28364901871954      0.000183616433810781
           4.2908666244798       0.00017943076926766
          4.29808423024007      0.000182538784313383
          4.30530183600034      0.000183993113103573
          4.31251944176061      0.000183482510538801
          4.31973704752088      0.000181865543565745
          4.32695465328115       0.00018069672474236
          4.33417225904142      0.000181853009934849
          4.34138986480169      0.000180352635590036
          4.34860747056196      0.000181280792714195
          4.35582507632222      0.000182982298208654
          4.36304268208249      0.000180755532455339
          4.37026028784276      0.000180983767489797
          4.37747789360303      0.000185193584511735
           4.3846954993633      0.000180243624128137
          4.39191310512357      0.000182869666582276
          4.39913071088384      0.000182689352848459
          4.40634831664411      0.000183805975844112
          4.41356592240437      0.000180794852714385
          4.42078352816464      0.000182126884157569
          4.42800113392491      0.000179506426727475
          4.43521873968518      0.000180357836984438
          4.44243634544545      0.000182297738782528
          4.44965395120572      0.000181105064739863
          4.45687155696599      0.000180172882171595
          4.46408916272626      0.000183535461228719
          4.47130676848652      0.000180473512031016
          4.47852437424679       0.00018287896397043
          4.48574198000706      0.000180035947269435
          4.49295958576733      0.000180295155909189
           4.5001771915276      0.000179515012910277
          4.50739479728787      0.000182930206241099
          4.51461240304814      0.000181229250351159
          4.52183000880841       0.00018129559520264
          4.52904761456868      0.000182287633370006
          4.53626522032894      0.000185909146035308
          4.54348282608921      0.000188010672257302
          4.55070043184948      0.000175047144564827
          4.55791803760975      0.000184100083821579
          4.56513564337002      0.000180900715623189
          4.57235324913029      0.000184296664265719
          4.57957085489056       0.00018435359646601
          4.58678846065083      0.000183841755795902
          4.59400606641109      0.000181337722293764
          4.60122367217136      0.000181123258508576
          4.60844127793163      0.000178803806740955
           4.6156588836919      0.000181039035174961
          4.62287648945217      0.000183686773968087
          4.63009409521244       0.00018425987803955
          4.63731170097271      0.000182272350135494
          4.64452930673298      0.000185248042107987
          4.65174691249324      0.000186758247442921
          4.65896451825351      0.000186777877248425
          4.66618212401378      0.000183981892300566
          4.67339972977405      0.000188041963371774
          4.68061733553432      0.000186251884445602
          4.68783494129459       0.00018104831494377
          4.69505254705486      0.000185501807935282
          4.70227015281513       0.00018685703220569
          4.70948775857539      0.000179813128942915
          4.71670536433566       0.00018740263882697
          4.72392297009593      0.000180439625561217
           4.7311405758562      0.000178430802285453
          4.73835818161647      0.000185780513485322
          4.74557578737674      0.000184355751050754
          4.75279339313701      0.000183163068209705
          4.76001099889728      0.000182913792118956
          4.76722860465755       0.00018281912718169
          4.77444621041781      0.000185561340616172
          4.78166381617808      0.000185408061474862
          4.78888142193835      0.000181556417712774
          4.79609902769862      0.000185611679641094
          4.80331663345889      0.000191350287920523
          4.81053423921916      0.000185219440007056
          4.81775184497943      0.000183481855226671
           4.8249694507397      0.000187965830515709
          4.83218705649996      0.000190076979128915
          4.83940466226023      0.000188187708727648
           4.8466222680205      0.000193158400964836
          4.85383987378077      0.000188520996952347
          4.86105747954104      0.000181855741595663
          4.86827508530131       0.00018995771821279
          4.87549269106158      0.000192575459307692
          4.88271029682185      0.000188081763915222
          4.88992790258211      0.000188018701078189
          4.89714550834238      0.000187968880080435
          4.90436311410265      0.000192298448735313
          4.91158071986292      0.000189066829941306
          4.91879832562319       0.00018757749256721
          4.92601593138346       0.00018916414563514
          4.93323353714373      0.000190414762958029
            4.940451142904      0.000186270425754465
          4.94766874866426      0.000195508463035886
          4.95488635442453       0.00019109350363653
           4.9621039601848      0.000189840180325324
          4.96932156594507      0.000191845543695351
          4.97653917170534      0.000189493972020955
          4.98375677746561      0.000196484542879552
          4.99097438322588      0.000189202056225294
          4.99819198898615      0.000194636200558831
          5.00540959474642      0.000190285628347099
          5.01262720050668      0.000192569504537692
          5.01984480626695      0.000191996492198493
          5.02706241202722      0.000192140676214608
          5.03428001778749      0.000198395020060477
          5.04149762354776      0.000190839910021472
          5.04871522930803      0.000195851462665084
           5.0559328350683       0.00019406614792977
          5.06315044082857       0.00019153414579266
          5.07036804658884      0.000195513931653707
           5.0775856523491      0.000191043119538354
          5.08480325810937      0.000204709419778828
          5.09202086386964      0.000191565690421481
          5.09923846962991      0.000194819907750926
          5.10645607539018      0.000204193410478893
          5.11367368115045      0.000193204086844038
          5.12089128691072      0.000197684731177441
          5.12810889267099       0.00019446967292563
          5.13532649843125      0.000199067483164494
          5.14254410419152      0.000200904248832582
          5.14976170995179      0.000204135483542199
          5.15697931571206      0.000202600078003447
          5.16419692147233      0.000203250832262924
           5.1714145272326      0.000201362412165322
          5.17863213299287      0.000206282466759916
          5.18584973875314      0.000199223701711367
           5.1930673445134      0.000200385985861134
          5.20028495027367      0.000204102440171196
          5.20750255603394      0.000196700705759088
          5.21472016179421      0.000202174000924345
          5.22193776755448      0.000209941345956719
          5.22915537331475        0.0002022134608559
          5.23637297907502      0.000210643354593644
          5.24359058483529       0.00020185376118922
          5.25080819059556      0.000207717027589856
          5.25802579635582      0.000204216891643949
          5.26524340211609      0.000206947520572404
          5.27246100787636      0.000203770683511429
          5.27967861363663      0.000212288661967918
           5.2868962193969      0.000202465202865129
          5.29411382515717      0.000211413128716834
          5.30133143091744      0.000207416591608747
          5.30854903667771      0.000212774206101869
          5.31576664243797      0.000205589739920344
          5.32298424819824       0.00020935228668228
          5.33020185395851      0.000215580867775682
          5.33741945971878      0.000213429281419039
          5.34463706547905      0.000211383481936913
          5.35185467123932      0.000206297166647759
          5.35907227699959      0.000213482650888922
          5.36628988275986      0.000215550556308756
          5.37350748852012      0.000217084158344882
          5.38072509428039      0.000212169761873276
          5.38794270004066      0.000216343672620191
          5.39516030580093       0.00021287437018466
           5.4023779115612      0.000216126312471035
          5.40959551732147      0.000214598311695099
          5.41681312308174      0.000217361568053423
          5.42403072884201      0.000218769323568973
          5.43124833460228       0.00021985003302708
          5.43846594036254      0.000212428161877527
          5.44568354612281      0.000215955277241648
          5.45290115188308      0.000222447404342787
          5.46011875764335      0.000222526833690755
          5.46733636340362      0.000214107052835152
          5.47455396916389       0.00022163741427526
          5.48177157492416      0.000223030595804525
          5.48898918068443      0.000226216324243411
          5.49620678644469      0.000223916503853426
          5.50342439220496      0.000225023789579012
          5.51064199796523      0.000230244133541528
           5.5178596037255      0.000215153233299311
          5.52507720948577      0.000224728040636778
          5.53229481524604      0.000229825354678486
          5.53951242100631      0.000228538390241321
          5.54673002676658       0.00022048328192841
          5.55394763252685      0.000223897546286259
          5.56116523828711      0.000227005346485219
          5.56838284404738      0.000228913605410826
          5.57560044980765      0.000222030588108202
          5.58281805556792      0.000232730160398812
          5.59003566132819      0.000225940246571528
          5.59725326708846      0.000232079864236583
          5.60447087284873      0.000229694305540817
          5.61168847860899      0.000235637783322291
          5.61890608436926      0.000227978763085385
          5.62612369012953       0.00024088561628994
           5.6333412958898      0.000239557247826356
          5.64055890165007      0.000237649251715421
          5.64777650741034      0.000236049222987609
          5.65499411317061      0.000237656935052194
          5.66221171893088      0.000235529165929597
          5.66942932469115      0.000236309852808273
          5.67664693045141      0.000236916285813684
          5.68386453621168      0.000242368740561037
          5.69108214197195       0.00023592869470628
          5.69829974773222      0.000239162431650926
          5.70551735349249      0.000243217847577196
          5.71273495925276      0.000243182433889509
          5.71995256501303      0.000238771688434628
           5.7271701707733      0.000244955998975321
          5.73438777653357      0.000246277256727185
          5.74160538229383      0.000245657186711636
           5.7488229880541      0.000251349456838578
          5.75604059381437      0.000244785452477867
          5.76325819957464      0.000245380037702703
          5.77047580533491      0.000253859422223472
          5.77769341109518      0.000248961851715178
          5.78491101685545      0.000250562683899931
          5.79212862261572       0.00025276589938767
          5.79934622837598      0.000250774235998417
          5.80656383413625      0.000245569210135638
          5.81378143989652      0.000265094992669996
          5.82099904565679      0.000243059658243169
          5.82821665141706      0.000249221340028411
          5.83543425717733      0.000253985304060693
           5.8426518629376      0.000247550462191799
          5.84986946869787      0.000249361497065984
          5.85708707445813      0.000252242555726715
           5.8643046802184      0.000251666375275074
          5.87152228597867      0.000261884992153701
          5.87873989173894      0.000265687866070152
          5.88595749749921      0.000257245713667275
          5.89317510325948      0.000251143228167693
          5.90039270901975      0.000265527315194415
          5.90761031478002      0.000257330535376586
          5.91482792054028      0.000258780565346616
          5.92204552630055      0.000263602159144136
          5.92926313206082      0.000262390591655888
          5.93648073782109      0.000270509585675126
          5.94369834358136      0.000253323931723359
          5.95091594934163      0.000258380181441702
           5.9581335551019      0.000270880659095217
          5.96535116086217      0.000270848453401788
          5.97256876662244      0.000260259347408106
           5.9797863723827      0.000281004317328652
          5.98700397814297      0.000264352157664678
          5.99422158390324      0.000273291323427154
          6.00143918966351      0.000257240097675287
          6.00865679542378      0.000274239189778441
          6.01587440118405      0.000264116919954914
          6.02309200694432      0.000276453483751434
          6.03030961270459      0.000271014524391955
          6.03752721846486      0.000271243940157172
          6.04474482422512       0.00027918028496427
          6.05196242998539      0.000277888299493776
          6.05918003574566      0.000283755021135886
          6.06639764150593      0.000279953337728466
           6.0736152472662      0.000274827173493066
          6.08083285302647      0.000282824544628371
          6.08805045878674       0.00028787245651506
            6.095268064547      0.000274510617197973
          6.10248567030727      0.000280579761868094
          6.10970327606754      0.000288996055705927
          6.11692088182781      0.000263575945990424
          6.12413848758808      0.000286460502222148
          6.13135609334835      0.000283395305244449
          6.13857369910862      0.000275929722683749
          6.14579130486889      0.000286384751034051
          6.15300891062916      0.000291686736820229
          6.16022651638942      0.000289209985166339
          6.16744412214969      0.000300156895294287
          6.17466172790996      0.000277131312083643
          6.18187933367023      0.000294914265397547
           6.1890969394305      0.000304590739518946
          6.19631454519077      0.000291557741047587
          6.20353215095104      0.000301985425799353
          6.21074975671131      0.000288914967499603
          6.21796736247157      0.000292728678790652
          6.22518496823184      0.000295452224856566
          6.23240257399211      0.000309596568533419
          6.23962017975238      0.000296495983282241
          6.24683778551265      0.000286126929244848
          6.25405539127292      0.000293147172209537
          6.26127299703319      0.000313201243049336
          6.26849060279346      0.000295272214411545
          6.27570820855373      0.000298943391165697
          6.28292581431399      0.000315189603813285
          6.29014342007426       0.00029585238625596
          6.29736102583453      0.000307449157236388
           6.3045786315948      0.000311329846066575
          6.31179623735507      0.000310237631954146
          6.31901384311534      0.000296512812507716
          6.32623144887561      0.000291954512135308
          6.33344905463588      0.000317707360775697
          6.34066666039614      0.000306754540257256
          6.34788426615641      0.000321460481751775
          6.35510187191668       0.00032136681639278
          6.36231947767695      0.000305838078812389
          6.36953708343722      0.000309312673616198
          6.37675468919749      0.000328204827184071
          6.38397229495776      0.000332407247938346
          6.39118990071803      0.000309614377482832
          6.39840750647829      0.000336867654341251
          6.40562511223856      0.000324295499671848
          6.41284271799883       0.00032615810544138
           6.4200603237591      0.000314863158172812
          6.42727792951937      0.000306157762723186
          6.43449553527964      0.000342886852050626
          6.44171314103991      0.000337894694333807
          6.44893074680018       0.00033059522060795
          6.45614835256045      0.000367592098729919
          6.46336595832071      0.000322214363175528
          6.47058356408098       0.00031479112158681
          6.47780116984125      0.000306959760641621
          6.48501877560152       0.00033073226890828
          6.49223638136179      0.000338738664535715
          6.49945398712206      0.000331820485581734
          6.50667159288233      0.000340291155181465
           6.5138891986426       0.00034026515356805
          6.52110680440286      0.000317983783666712
          6.52832441016313      0.000383909360972535
           6.5355420159234      0.000370299270573915
          6.54275962168367      0.000327018279953177
          6.54997722744394      0.000355636595669264
          6.55719483320421      0.000359121857165245
          6.56441243896448      0.000330577377823632
          6.57163004472475      0.000325823139231288
          6.57884765048502      0.000356742516509715
          6.58606525624528      0.000384201475265163
          6.59328286200555      0.000341831093436392
          6.60050046776582      0.000357300518057693
          6.60771807352609      0.000353096599003147
          6.61493567928636      0.000354828134370327
          6.62215328504663       0.00037524972380114
           6.6293708908069      0.000369937466034849
          6.63658849656717      0.000369027874318304
          6.64380610232743      0.000357390032076506
           6.6510237080877      0.000395169179416055
          6.65824131384797      0.000384124244992057
          6.66545891960824      0.000372521569378168
          6.67267652536851      0.000352248374462787
          6.67989413112878       0.00040885710632604
          6.68711173688905      0.000404244205433927
          6.69432934264932      0.000341815141676364
          6.70154694840959      0.000399896721910758
          6.70876455416985      0.000362634541819625
          6.71598215993012      0.000365274931269249
          6.72319976569039      0.000404751588876605
          6.73041737145066      0.000361751482621601
          6.73763497721093      0.000428469678447922
           6.7448525829712      0.000390324653367663
          6.75207018873147      0.000381874616914439
          6.75928779449173      0.000467385046388036
            6.766505400252      0.000409252291011562
          6.77372300601227      0.000409755498771334
          6.78094061177254      0.000417561646047237
          6.78815821753281      0.000509763955957438
          6.79537582329308       0.00036300382078341
          6.80259342905335      0.000472350563779312
          6.80981103481362      0.000474034183591205
          6.81702864057389      0.000436333345853041
          6.82424624633415      0.000427658157155135
          6.83146385209442      0.000491967695697703
          6.83868145785469      0.000405877494746694
          6.84589906361496      0.000433208264823579
          6.85311666937523      0.000461015271398116
           6.8603342751355      0.000503242432961243
          6.86755188089577      0.000418593154529604
          6.87476948665604      0.000446637096018769
          6.88198709241631      0.000554734524408024
          6.88920469817657      0.000488213795716407
          6.89642230393684      0.000478466008497603
          6.90363990969711      0.000580812875206924
          6.91807512121765      0.000396059286342279
          6.92529272697792      0.000541606804252136
          6.93251033273819      0.000523581631736677
          6.93972793849846      0.000438683822640607
          6.94694554425872       0.00044959685423037
          6.95416315001899      0.000768392553864401
          6.96859836153953      0.000537481913118855
           6.9758159672998      0.000490227375896029
          6.99025117882034      0.000485352315073959
          6.99746878458061       0.00059299553359163
          7.01912160186141      0.000511755664106729
          7.02633920762168      0.000755682535901933
          7.04077441914222      0.000456331800839832
          7.04799202490249      0.000640547755333083
          7.06964484218329      0.000679571518810703
           7.0912976594641      0.000744977470402014
          7.12016808250517      0.000589852991355048
          7.14182089978598      0.000485786892791348
          7.17069132282706      0.000605165223457312
          7.19234414010786      0.000610548056224668
