          0.04511003600168          2080.45475028034
         0.063154050402352          2197.34769027603
        0.0739804590427552          1086.61289944648
        0.0884156705632928          1498.06959821719
        0.0956332763235617          1693.27853150187
         0.106459684963965           1629.9431004473
         0.124503699364637          1611.58036218714
         0.131721305124906          893.438659016046
         0.138938910885174          1007.32407302493
         0.142547713765309          1007.13447372778
         0.149765319525578          1256.89575815141
         0.156982925285846          939.788364920829
         0.164200531046115          880.671864401447
         0.175026939686519          642.010430754017
         0.178635742566653          622.337083433431
         0.185853348326922          536.582984662361
         0.189462151207056          664.957126165703
         0.193070954087191          613.243554189183
         0.200288559847459          446.354040257203
         0.203897362727594          422.358211026901
         0.211114968487863          362.055900672554
         0.218332574248131           339.71678854548
         0.221941377128266          239.034151164247
           0.2255501800084          303.380229005942
         0.232767785768669          260.845100471985
         0.236376588648803          233.475161400255
         0.247202997289207          143.345528841774
         0.250811800169341          183.900779725148
         0.254420603049475          184.141465538223
          0.25802940592961           162.08163176382
         0.261638208809744            149.9637166923
         0.265247011689879          131.674999689336
         0.268855814570013          148.402401973899
         0.276073420330282          111.913975610282
         0.279682223210416          133.385835711453
         0.283291026090551          110.093699765665
         0.286899828970685          139.200775093344
         0.290508631850819          92.6864058030289
         0.294117434730954           111.22708920888
         0.301335040491223            113.2584824457
         0.304943843371357          99.0774605054324
         0.308552646251491          88.3560086895211
         0.312161449131626          89.2106233021775
          0.31577025201176           70.202484505794
         0.319379054891895          68.3538004833071
         0.326596660652163          66.1941326180372
         0.330205463532298          47.8955802978124
         0.333814266412432          59.1042784854039
         0.337423069292567          48.8782506119439
         0.341031872172701          52.2754876347807
          0.34824947793297          49.5791677284025
         0.351858280813104          45.7628376089635
         0.355467083693239          45.4752590137491
         0.359075886573373           35.512349457964
         0.362684689453507          39.9556343570962
         0.369902295213776          34.0032020092441
         0.373511098093911          33.4020811752032
         0.377119900974045           42.272114094421
         0.380728703854179           31.996263367327
         0.384337506734314          30.4573801692405
         0.387946309614448          24.6984260308628
         0.391555112494583          30.9643551060242
         0.395163915374717          23.5899030886196
         0.398772718254851          29.4669022693248
         0.402381521134986          24.4386941360202
          0.40599032401512          18.4107701350485
         0.409599126895255           22.265815350612
         0.413207929775389          22.3114680093363
         0.416816732655523          19.2326936774456
         0.420425535535658          19.8918272017741
         0.424034338415792          23.8656936086408
         0.427643141295927          18.8507493812377
         0.431251944176061           18.713855852153
         0.434860747056195          17.1105167704122
          0.43846954993633          13.0205367957333
         0.442078352816464          15.6349047363325
         0.445687155696599            15.34477980094
         0.449295958576733          18.2294532412736
         0.452904761456867          17.0116387905208
         0.456513564337002          16.1795303193926
         0.460122367217136          12.3990353220531
         0.463731170097271           13.501800530731
         0.467339972977405          10.4542762121581
         0.470948775857539          12.5041283702147
         0.474557578737674          13.4429287004979
         0.478166381617808           11.848995724852
         0.481775184497943          9.49259612369779
         0.485383987378077          11.2351722540372
         0.488992790258211          10.8181589623208
         0.492601593138346          8.95304454758327
          0.49621039601848          8.89857488334483
         0.499819198898615          8.55760786299751
         0.503428001778749          8.90196680250835
         0.507036804658883          9.61694992885172
         0.510645607539018          7.79066657923041
         0.514254410419152          8.30937063603937
         0.517863213299287          7.82952006053873
         0.521472016179421          7.62999736245161
         0.525080819059556           7.9229241917498
          0.52868962193969          7.04728583078281
         0.532298424819824          6.13020672407861
         0.535907227699959          7.32371654103359
         0.539516030580093          5.54018470883758
         0.543124833460227          5.89837007752489
         0.546733636340362           6.3199619865954
         0.550342439220496          6.00670172579922
         0.553951242100631          5.67943396543623
         0.557560044980765          5.39091290233203
         0.561168847860899          4.53132075489022
         0.564777650741034          5.04661137058296
         0.568386453621168          6.03737147087384
         0.571995256501303          5.54366241822704
         0.575604059381437          6.38493792713637
         0.579212862261572           5.6100573807423
         0.582821665141706           4.7487206705801
          0.58643046802184          5.08060257684454
         0.590039270901975          4.29477206876096
         0.593648073782109          4.38041025793765
         0.597256876662243          4.23385950017648
         0.600865679542378          4.84318214567559
         0.604474482422512          4.49189695262584
         0.608083285302647           4.0914486219648
         0.611692088182781          3.80373345961903
         0.615300891062916          3.64049348139015
          0.61890969394305          3.82875220474852
         0.622518496823184          3.40409245275115
         0.626127299703319          3.45171863264155
         0.629736102583453          3.88692323245885
         0.633344905463587          3.27634901797183
         0.636953708343722          4.02136860273405
         0.640562511223856          3.81581495143574
         0.644171314103991          3.53554115036512
         0.647780116984125          3.69932926958752
          0.65138891986426          3.00866156199155
         0.654997722744394           3.4293593965073
         0.658606525624528          3.02679591285041
         0.662215328504663          3.04443064985299
         0.665824131384797          2.65409457355006
         0.669432934264932          2.79899640580344
         0.673041737145066          3.22249419670435
           0.6766505400252          2.66118039492401
         0.680259342905335          2.56619947854858
         0.683868145785469          2.60083559308985
         0.687476948665604          2.73812281379804
         0.691085751545738           2.5989046023006
         0.694694554425872          2.60838926853092
         0.698303357306007          2.58360845224692
         0.701912160186141          2.68773595468892
         0.705520963066276           2.3340595982448
          0.70912976594641          2.18343297258104
         0.712738568826544          2.34351183098063
         0.716347371706679           2.1330909443521
         0.719956174586813          2.29753200113907
         0.723564977466947          2.15917906582559
         0.727173780347082          2.14224982706366
         0.730782583227216          2.41222910775076
         0.734391386107351          2.27960415053378
         0.738000188987485          2.14586830202625
          0.74160899186762          2.17921764974577
         0.745217794747754          1.98329059579062
         0.748826597627889          1.92926137987017
         0.752435400508023           1.9082744232818
         0.756044203388157          1.93145084234471
         0.759653006268292          1.96924885230902
         0.763261809148426          1.94486426881351
          0.76687061202856          1.67282077774108
         0.770479414908695          1.74263456766495
         0.774088217788829          2.07739198982943
         0.777697020668964          1.72883667306637
         0.781305823549098          1.88303387035157
         0.784914626429232          1.82842078091806
         0.788523429309367          1.74241137114492
         0.792132232189501          1.62503101706916
         0.795741035069636          1.98125356542378
          0.79934983794977          1.59080925505236
         0.802958640829904          1.53885297619303
         0.806567443710039          1.53199048735707
         0.810176246590173          1.60012231447136
         0.813785049470308          1.35694208375599
         0.817393852350442          1.43216988061887
         0.821002655230576          1.41332773800484
         0.824611458110711          1.38288954401537
         0.828220260990845          1.38172338471778
          0.83182906387098          1.27983137474804
         0.835437866751114          1.36432335342897
         0.839046669631249          1.49025840861966
         0.842655472511383          1.34666624932124
         0.846264275391517          1.33372656760419
         0.849873078271652          1.30026366964249
         0.853481881151786          1.38886575416519
          0.85709068403192          1.32954518845239
         0.860699486912055          1.25343120830995
         0.864308289792189          1.25108228223572
         0.867917092672324          1.24205997789386
         0.871525895552458          1.33150563149364
         0.875134698432593          1.20244727461376
         0.878743501312727          1.20651441444634
         0.882352304192861          1.13425742664505
         0.885961107072996          1.28711504981263
          0.88956990995313           1.1758664672867
         0.893178712833264          1.15006057529899
         0.896787515713399          1.18164010360366
         0.900396318593533          1.17110553943341
         0.904005121473668          1.15299146351955
         0.907613924353802          1.14439611188123
         0.911222727233936          1.14073584455258
         0.914831530114071          1.06299725751422
         0.918440332994205          1.06664324358779
          0.92204913587434          1.08442031255368
         0.925657938754474          1.06885312399843
         0.929266741634609          1.02777249026244
         0.932875544514743          1.03476006583717
         0.936484347394877           1.0759708155473
         0.940093150275012          1.10348928856912
         0.943701953155146         0.941243166495959
          0.94731075603528          1.02457555594328
         0.950919558915415          1.11796081544636
         0.954528361795549         0.963241818044912
         0.958137164675684          0.98907390629286
         0.961745967555818         0.997866974027259
         0.965354770435953          1.00877082621453
         0.968963573316087          1.00776314199965
         0.972572376196221          0.92623901291624
         0.976181179076356          1.00517882920434
          0.97978998195649         0.928481075783388
         0.983398784836624         0.926516933240305
         0.987007587716759         0.948740555631029
         0.990616390596893         0.917139861463154
         0.994225193477028         0.912294889642768
         0.997833996357162          0.95351284604118
           1.0014427992373         0.825559753352399
          1.00505160211743         0.861246428850365
          1.00866040499757         0.888536890374164
           1.0122692078777         0.872770017790979
          1.01587801075783         0.890826332756725
          1.01948681363797         0.810834470814575
           1.0230956165181         0.890510124074752
          1.02670441939824         0.848185714715543
          1.03031322227837         0.807923088827916
          1.03392202515851         0.829636750375552
          1.03753082803864         0.837769922948211
          1.04113963091877         0.767354906669428
          1.04474843379891         0.807100443062399
          1.04835723667904         0.777542819252703
          1.05196603955918         0.754542784718984
          1.05557484243931         0.752012936247078
          1.05918364531945         0.776319194228834
          1.06279244819958         0.782479006090376
          1.06640125107972         0.770987983285231
          1.07001005395985         0.722720658658781
          1.07361885683998         0.731754014776686
          1.07722765972012         0.774900576902088
          1.08083646260025         0.723178077708842
          1.08444526548039         0.776988542392675
          1.08805406836052         0.728076918495249
          1.09166287124066         0.674276681647074
          1.09527167412079         0.692609854032334
          1.09888047700093           0.7200594773566
          1.10248927988106         0.756310526049924
          1.10609808276119         0.716371463780186
          1.10970688564133         0.693958949221236
          1.11331568852146         0.676883023730228
           1.1169244914016         0.729459824116709
          1.12053329428173         0.672136775230296
          1.12414209716187         0.670956179958344
            1.127750900042         0.692779517133301
          1.13135970292214         0.672343877855299
          1.13496850580227         0.657564390635713
           1.1385773086824         0.649917904871313
          1.14218611156254         0.665103039533793
          1.14579491444267         0.638049185603929
          1.14940371732281         0.606510189129523
          1.15301252020294         0.705137058958536
          1.15662132308308         0.654085033427571
          1.16023012596321         0.630007850452107
          1.16383892884334          0.62358269497992
          1.16744773172348          0.64187865736116
          1.17105653460361         0.624566716619493
          1.17466533748375         0.611526160183267
          1.17827414036388         0.634232293593998
          1.18188294324402          0.66890402570946
          1.18549174612415          0.64220010234159
          1.18910054900429         0.641594950243687
          1.19270935188442         0.621170360496447
          1.19631815476455         0.616432456497447
          1.19992695764469          0.62494589465434
          1.20353576052482         0.527397026051533
          1.20714456340496         0.573551006478878
          1.21075336628509         0.566500627992894
          1.21436216916523         0.569998525279815
          1.21797097204536          0.57970567552471
           1.2215797749255         0.576872429604848
          1.22518857780563         0.569698404468034
          1.22879738068576         0.545260757187175
           1.2324061835659         0.565795163134337
          1.23601498644603         0.572698458863308
          1.23962378932617          0.51632378182298
           1.2432325922063         0.551786744921493
          1.24684139508644         0.560615900127467
          1.25045019796657         0.532072532750567
           1.2540590008467         0.545538557063302
          1.25766780372684         0.545601247383731
          1.26127660660697         0.535580979368306
          1.26488540948711         0.500448067373938
          1.26849421236724          0.49742147025221
          1.27210301524738         0.529164740725412
          1.27571181812751         0.510983433011494
          1.27932062100765         0.509738093317564
          1.28292942388778         0.507126224777525
          1.28653822676791         0.510031687923819
          1.29014702964805           0.5219455561258
          1.29375583252818         0.526928412982114
          1.29736463540832         0.503183190922539
          1.30097343828845         0.523559403505724
          1.30458224116859         0.540826611283777
          1.30819104404872         0.477908214637485
          1.31179984692886         0.526392701604454
          1.31540864980899         0.511141137037056
          1.31901745268912         0.487381955859926
          1.32262625556926         0.491655876987901
          1.32623505844939         0.502933032211003
          1.32984386132953         0.482776340255533
          1.33345266420966         0.466425228841949
           1.3370614670898         0.470266422267102
          1.34067026996993         0.480505016923042
          1.34427907285006         0.508364145165366
           1.3478878757302         0.456685198717986
          1.35149667861033          0.45505320833245
          1.35510548149047         0.442392197943917
           1.3587142843706         0.457614770048315
          1.36232308725074         0.465521256458233
          1.36593189013087         0.479747199815837
          1.36954069301101         0.451643036135787
          1.37314949589114         0.457293292469334
          1.37675829877127          0.46549205720914
          1.38036710165141         0.451125023270011
          1.38397590453154          0.45506670225255
          1.38758470741168         0.465656721558178
          1.39119351029181         0.454113347050413
          1.39480231317195         0.438876246100266
          1.39841111605208         0.465958335531069
          1.40201991893222         0.422472582935388
          1.40562872181235         0.433739302377772
          1.40923752469248         0.448713485589048
          1.41284632757262         0.428032175115655
          1.41645513045275         0.425837928959485
          1.42006393333289         0.414202198495638
          1.42367273621302         0.412150680230556
          1.42728153909316           0.4256866501269
          1.43089034197329         0.416378826017953
          1.43449914485342         0.419959423003753
          1.43810794773356         0.402963565160942
          1.44171675061369         0.427841857273527
          1.44532555349383         0.433537155897383
          1.44893435637396         0.404392535157537
           1.4525431592541         0.403310046913711
          1.45615196213423         0.434282456780109
          1.45976076501437         0.393145901772196
           1.4633695678945          0.41494241594977
          1.46697837077463         0.403659216906606
          1.47058717365477         0.377613377767255
           1.4741959765349         0.411224554687094
          1.47780477941504         0.395712105614714
          1.48141358229517         0.394623048130639
          1.48502238517531         0.368839326863546
          1.48863118805544         0.390999255947084
          1.49223999093558         0.382377807925073
          1.49584879381571         0.382195076179753
          1.49945759669584         0.396080647986772
          1.50306639957598         0.380847865582675
          1.50667520245611         0.375816439157399
          1.51028400533625         0.373103024641456
          1.51389280821638         0.389615337784796
          1.51750161109652         0.361630368197415
          1.52111041397665         0.396687669203746
          1.52471921685678         0.353011219941183
          1.52832801973692         0.367148615449477
          1.53193682261705         0.359964817769618
          1.53554562549719         0.370065242973059
          1.53915442837732         0.362720647091832
          1.54276323125746         0.368029601976153
          1.54637203413759         0.356707966420597
          1.54998083701773         0.354857241296133
          1.55358963989786         0.347203865539604
          1.55719844277799         0.350438256344761
          1.56080724565813         0.362299514306674
          1.56441604853826         0.363058153872909
           1.5680248514184         0.345868491282844
          1.57163365429853         0.354282245601356
          1.57524245717867         0.354437536325194
           1.5788512600588         0.347086813437866
          1.58246006293893          0.35153552262331
          1.58606886581907          0.35587018743876
           1.5896776686992         0.354185203252186
          1.59328647157934         0.351285501361453
          1.59689527445947         0.333881699017504
          1.60050407733961         0.347586520061476
          1.60411288021974         0.329096819886636
          1.60772168309988         0.345131704625002
          1.61133048598001         0.336292167914869
          1.61493928886015         0.333345778905332
          1.61854809174028         0.339764408876306
          1.62215689462041         0.343621195262407
          1.62576569750055          0.32227311532435
          1.62937450038068         0.349202809156833
          1.63298330326082         0.312741020686172
          1.63659210614095         0.342862732501065
          1.64020090902109         0.324729268720757
          1.64380971190122         0.325855212968932
          1.64741851478135         0.313614329574911
          1.65102731766149         0.322241848467948
          1.65463612054162         0.330093194863097
          1.65824492342176         0.330780415971575
          1.66185372630189          0.32919681627558
          1.66546252918203         0.330568361114607
          1.66907133206216         0.310581483106519
           1.6726801349423         0.326631904405908
          1.67628893782243         0.317101909461682
          1.67989774070256         0.314191264841772
           1.6835065435827         0.301565853459344
          1.68711534646283         0.305972949563341
          1.69072414934297         0.315330652852278
           1.6943329522231         0.309503315321355
          1.69794175510324         0.305016339342893
          1.70155055798337         0.309279766011335
           1.7051593608635         0.309823655980328
          1.70876816374364         0.300557209784559
          1.71237696662377         0.303804824637223
          1.71598576950391         0.308305591892201
          1.71959457238404         0.305482513969877
          1.72320337526418          0.29688905005657
          1.72681217814431         0.287866830413756
          1.73042098102445         0.301438059369393
          1.73402978390458         0.284306588312524
          1.73763858678471         0.292623916637738
          1.74124738966485         0.288505191100464
          1.74485619254498         0.293443167513453
          1.74846499542512         0.307069284915387
          1.75207379830525         0.288461968897237
          1.75568260118539         0.283091000246136
          1.75929140406552         0.283651961327202
          1.76290020694566         0.286597510092229
          1.76650900982579         0.273339320326875
          1.77011781270592         0.281439496352487
          1.77372661558606         0.279264538917406
          1.77733541846619         0.286448046213527
          1.78094422134633         0.277938637649933
          1.78455302422646         0.281782980961463
           1.7881618271066         0.279154522364188
          1.79177062998673         0.283943910144652
          1.79537943286686          0.27335813631002
            1.798988235747         0.276246938026926
          1.80259703862713         0.283678701359439
          1.80620584150727         0.272693467956583
           1.8098146443874         0.272281662093152
          1.81342344726754         0.267039823656841
          1.81703225014767         0.268781711985447
          1.82064105302781         0.269628273413044
          1.82424985590794         0.267507248190646
          1.82785865878807          0.25808800691993
          1.83146746166821         0.277001347111176
          1.83507626454834         0.265981366202741
          1.83868506742848         0.263957135467941
          1.84229387030861          0.26935326396604
          1.84590267318875         0.261115132027228
          1.84951147606888         0.273294734461806
          1.85312027894902         0.264506587940296
          1.85672908182915         0.257115833908576
          1.86033788470928         0.267665615950156
          1.86394668758942         0.261988891407761
          1.86755549046955         0.262516933261447
          1.87116429334969         0.256054722859056
          1.87477309622982         0.262795623221016
          1.87838189910996          0.25556185359158
          1.88199070199009         0.263493013587632
          1.88559950487022         0.258132269842744
          1.88920830775036         0.256269408441514
          1.89281711063049         0.244721807601097
          1.89642591351063         0.256271716390393
          1.90003471639076         0.244018335591531
           1.9036435192709          0.24769955087246
          1.90725232215103         0.258634971285012
          1.91086112503117         0.245508680830322
           1.9144699279113         0.244751621403096
          1.91807873079143         0.243082263013607
          1.92168753367157         0.242421858214218
           1.9252963365517         0.245559166034668
          1.92890513943184         0.249350221904359
          1.93251394231197         0.241652213378416
          1.93612274519211         0.240406780538607
          1.93973154807224         0.239844199382952
          1.94334035095238         0.247358374544313
          1.94694915383251         0.238063210019141
          1.95055795671264         0.241655094085671
          1.95416675959278         0.246056487848724
          1.95777556247291         0.238068464874317
          1.96138436535305         0.242114492775699
          1.96499316823318         0.239844125806805
          1.96860197111332         0.242382367557885
          1.97221077399345         0.231615490494194
          1.97581957687359          0.23211694863573
          1.97942837975372         0.235758748729318
          1.98303718263385         0.237443617108584
          1.98664598551399         0.231485383283524
          1.99025478839412         0.228998606533199
          1.99386359127426         0.228642851578044
          1.99747239415439         0.230619989714966
          2.00108119703453         0.231351727040554
          2.00468999991466         0.236679737132566
          2.00829880279479         0.237096308091699
          2.01190760567493         0.224530371288821
          2.01551640855506         0.230597407219136
           2.0191252114352         0.229777148238341
          2.02273401431533         0.222730056919226
          2.02634281719547         0.222057385634853
           2.0299516200756         0.216658607786288
          2.03356042295574         0.221200692463149
          2.03716922583587         0.219782719906379
            2.040778028716         0.223871618113539
          2.04438683159614         0.226395195477819
          2.04799563447627         0.235237764992962
          2.05160443735641         0.223347036452046
          2.05521324023654         0.214720528467715
          2.05882204311668         0.216550010620077
          2.06243084599681          0.22007912211428
          2.06603964887695         0.219946779027459
          2.06964845175708         0.220702723909078
          2.07325725463721         0.206740555563824
          2.07686605751735         0.213139548591476
          2.08047486039748         0.211115226775003
          2.08408366327762         0.216588684489751
          2.08769246615775         0.211738381007949
          2.09130126903789         0.211134595744198
          2.09491007191802         0.213248985478653
          2.09851887479815         0.210283928578293
          2.10212767767829          0.21372214619516
          2.10573648055842         0.208762271635281
          2.10934528343856         0.214667134940756
          2.11295408631869         0.208810290868163
          2.11656288919883         0.207537946266768
          2.12017169207896         0.211354541452397
           2.1237804949591         0.204919366164525
          2.12738929783923         0.210093018647708
          2.13099810071936         0.206900844029429
           2.1346069035995         0.202044812638031
          2.13821570647963         0.205670702061839
          2.14182450935977         0.213050143852817
           2.1454333122399         0.203297227451326
          2.14904211512004         0.203982078482018
          2.15265091800017         0.198787561979131
           2.1562597208803         0.207289505077644
          2.15986852376044         0.205572804940057
          2.16347732664057         0.201620263063605
          2.16708612952071         0.204547624817331
          2.17069493240084         0.205371305148049
          2.17430373528098         0.198628571748997
          2.17791253816111         0.195362131969077
          2.18152134104125         0.197825610462496
          2.18513014392138         0.196866097289587
          2.18873894680151         0.198119859391826
          2.19234774968165         0.200785821220022
          2.19595655256178          0.19292127604711
          2.19956535544192         0.195152835216804
          2.20317415832205         0.200791482502334
          2.20678296120219         0.197821036615218
          2.21039176408232         0.190498248676706
          2.21400056696246         0.194787356149683
          2.21760936984259         0.194112100131534
          2.22121817272272         0.190886512111055
          2.22482697560286         0.196256660547211
          2.22843577848299         0.191070950655586
          2.23204458136313         0.190707000774279
          2.23565338424326          0.18641168148461
           2.2392621871234         0.191512292621404
          2.24287099000353          0.18651387267274
          2.24647979288367         0.183801083144537
           2.2500885957638         0.189088379926202
          2.25369739864393         0.191243422183056
          2.25730620152407         0.190935550410726
           2.2609150044042          0.18137500372579
          2.26452380728434         0.182137173212737
          2.26813261016447         0.189469375290988
          2.27174141304461         0.186971503587912
          2.27535021592474         0.183515995944299
          2.27895901880487         0.183926786870413
          2.28256782168501         0.185778821065203
          2.28617662456514         0.184674306741608
          2.28978542744528         0.181649996619503
          2.29339423032541         0.179540666766607
          2.29700303320555         0.189000386970048
          2.30061183608568          0.18352710848721
          2.30422063896582         0.177662349904938
          2.30782944184595         0.186703024866374
          2.31143824472608          0.17407450506414
          2.31504704760622         0.179997297385388
          2.31865585048635         0.181032543243156
          2.32226465336649          0.17926408929876
          2.32587345624662           0.1842783142857
          2.32948225912676           0.1768903908595
          2.33309106200689         0.181756329496982
          2.33669986488703         0.172569115896126
          2.34030866776716         0.171463248313586
          2.34391747064729         0.175888076425033
          2.34752627352743         0.175742732814052
          2.35113507640756         0.178619185509632
           2.3547438792877          0.17561844607391
          2.35835268216783         0.173884628953691
          2.36196148504797         0.171951929700351
           2.3655702879281         0.172117185005544
          2.36917909080823         0.170419968934468
          2.37278789368837         0.177380150334867
           2.3763966965685         0.175291034985933
          2.38000549944864         0.168115265273138
          2.38361430232877         0.172710494100215
          2.38722310520891         0.167638293686093
          2.39083190808904         0.172135490052251
          2.39444071096918         0.167367731572654
          2.39804951384931         0.163029415612789
          2.40165831672944           0.1649276658693
          2.40526711960958         0.165989790504108
          2.40887592248971         0.169006251163452
          2.41248472536985         0.161769510388082
          2.41609352824998         0.167510763219702
          2.41970233113012          0.16095376949764
          2.42331113401025         0.167272781946343
          2.42691993689039          0.16533036641088
          2.43052873977052         0.167142856394484
          2.43413754265065         0.167231783180704
          2.43774634553079         0.164721815789335
          2.44135514841092         0.163607674716921
          2.44496395129106         0.165993338199299
          2.44857275417119         0.165369363252146
          2.45218155705133         0.165797400649589
          2.45579035993146         0.164821895890911
          2.45939916281159         0.167030815450723
          2.46300796569173         0.161511856620181
          2.46661676857186         0.165293674655588
            2.470225571452          0.16038078587182
          2.47383437433213         0.163389547271855
          2.47744317721227         0.161642480582122
           2.4810519800924         0.161285301653178
          2.48466078297254          0.15947393953469
          2.48826958585267          0.16094627152422
           2.4918783887328         0.159083712012508
          2.49548719161294         0.158675969562668
          2.49909599449307         0.162727976901021
          2.50270479737321         0.162506894158827
          2.50631360025334         0.160071696652757
          2.50992240313348         0.155207502313081
          2.51353120601361         0.158428491554405
          2.51714000889375         0.156751128986577
          2.52074881177388         0.156680065494291
          2.52435761465401          0.15442020859043
          2.52796641753415         0.157769703681824
          2.53157522041428         0.152934314467373
          2.53518402329442          0.15632079021654
          2.53879282617455         0.156422660931619
          2.54240162905469         0.155113506058083
          2.54601043193482         0.149144643619032
          2.54961923481495         0.155481687289296
          2.55322803769509         0.153254428269554
          2.55683684057522         0.153656220497514
          2.56044564345536         0.145809329766028
          2.56405444633549         0.152320768518824
          2.56766324921563          0.15126659101244
          2.57127205209576         0.148725161180457
           2.5748808549759         0.150029385696889
          2.57848965785603         0.154446027989383
          2.58209846073616         0.149257671208355
           2.5857072636163         0.150592933925827
          2.58931606649643         0.154970823895124
          2.59292486937657         0.149789938490263
           2.5965336722567         0.153212059797543
          2.60014247513684         0.154211842385594
          2.60375127801697         0.145125093326198
          2.60736008089711         0.152336584683348
          2.61096888377724         0.147752994316852
          2.61457768665737         0.150349862274723
          2.61818648953751         0.143944124604619
          2.62179529241764         0.147728333934544
          2.62540409529778         0.143504863480289
          2.62901289817791         0.148711079947797
          2.63262170105805         0.143333387723899
          2.63623050393818         0.146393446311211
          2.63983930681832         0.147537817548605
          2.64344810969845         0.144895618801729
          2.64705691257858         0.143182663695696
          2.65066571545872         0.145563732632505
          2.65427451833885         0.142160188618046
          2.65788332121899         0.144615534256168
          2.66149212409912         0.142474079745154
          2.66510092697926         0.146431440467023
          2.66870972985939         0.141922815467365
          2.67231853273952         0.145918546384896
          2.67592733561966         0.145019666334353
          2.67953613849979         0.143537669591458
          2.68314494137993         0.136557900838863
          2.68675374426006         0.140588285618032
           2.6903625471402         0.140510885284289
          2.69397135002033         0.140702513875116
          2.69758015290047         0.141565895960745
           2.7011889557806          0.14284772892203
          2.70479775866073         0.141648888194704
          2.70840656154087         0.141751369258672
            2.712015364421          0.13967852789928
          2.71562416730114         0.138941151282777
          2.71923297018127         0.143086942022945
          2.72284177306141         0.136306219878648
          2.72645057594154         0.138299246442704
          2.73005937882167         0.140340955036389
          2.73366818170181         0.134289838059068
          2.73727698458194         0.135116068773863
          2.74088578746208         0.136274229833981
          2.74449459034221         0.139281816762338
          2.74810339322235         0.136114833511068
          2.75171219610248         0.137649569774189
          2.75532099898262         0.135058684759189
          2.75892980186275         0.139376785320909
          2.76253860474288         0.135173832071584
          2.76614740762302         0.134582346943837
          2.76975621050315         0.132789625663255
          2.77336501338329          0.13515389730085
          2.77697381626342         0.136310434344664
          2.78058261914356         0.135089056139163
          2.78419142202369         0.136645094793678
          2.78780022490383         0.135753292873019
          2.79140902778396         0.134425548156955
          2.79501783066409         0.132282548063615
          2.79862663354423         0.134851630947058
          2.80223543642436          0.13403797912596
           2.8058442393045         0.132763041223962
          2.80945304218463         0.128621965322517
          2.81306184506477         0.133845337726323
           2.8166706479449         0.133110642524029
          2.82027945082503          0.13257147094102
          2.82388825370517         0.130174190084548
           2.8274970565853         0.130736454120194
          2.83110585946544          0.13094542197282
          2.83471466234557         0.128686705321265
          2.83832346522571         0.131882800659038
          2.84193226810584         0.131899361032338
          2.84554107098598         0.128797731974674
          2.84914987386611         0.135518734904345
          2.85275867674624         0.124054408311498
          2.85636747962638         0.129369554334656
          2.85997628250651         0.126959901268194
          2.86358508538665          0.12927066450608
          2.86719388826678         0.130085942285299
          2.87080269114692         0.132519912859706
          2.87441149402705          0.12786422953262
          2.87802029690719         0.126777525127149
          2.88162909978732         0.127848700661774
          2.88523790266745         0.129449067247735
          2.88884670554759         0.127720702533129
          2.89245550842772         0.127810857438256
          2.89606431130786         0.125543602451481
          2.89967311418799         0.127843729225628
          2.90328191706813         0.123487956166536
          2.90689071994826         0.130815777157037
          2.91049952282839         0.126998224439359
          2.91410832570853         0.127503884215978
          2.91771712858866         0.125914931961608
           2.9213259314688          0.12806160228347
          2.92493473434893           0.1260009128927
          2.92854353722907         0.126470644325365
           2.9321523401092         0.121151894900067
          2.93576114298934         0.125438803787305
          2.93936994586947         0.124525189891824
           2.9429787487496         0.124493682455836
          2.94658755162974         0.118532910728107
          2.95019635450987         0.124265449853304
          2.95380515739001         0.122494507161121
          2.95741396027014         0.126731551860133
          2.96102276315028         0.122258757714698
          2.96463156603041         0.123483980910865
          2.96824036891055         0.123539576925238
          2.97184917179068         0.121016781088932
          2.97545797467081         0.120639313978493
          2.97906677755095         0.121250172759192
          2.98267558043108         0.120749004466773
          2.98628438331122         0.119230356874216
          2.98989318619135         0.117933008737883
          2.99350198907149         0.121351998727851
          2.99711079195162         0.118889990650125
          3.00071959483176         0.117810277485913
          3.00432839771189         0.123057006431551
          3.00793720059202          0.11825006944218
          3.01154600347216         0.121441165631614
          3.01515480635229         0.118425598085303
          3.01876360923243         0.118389980318867
          3.02237241211256         0.121505194437143
           3.0259812149927         0.119550597804066
          3.02959001787283         0.119834025510875
          3.03319882075296         0.116733352427241
           3.0368076236331          0.11920783253744
          3.04041642651323         0.117922763552348
          3.04402522939337          0.12216533180621
           3.0476340322735         0.117901556890237
          3.05124283515364         0.113310175001473
          3.05485163803377         0.114956307835715
          3.05846044091391         0.116237906541787
          3.06206924379404         0.118945599179606
          3.06567804667417          0.11764524892716
          3.06928684955431          0.11600218791789
          3.07289565243444         0.117595551111547
          3.07650445531458         0.116415189935131
          3.08011325819471         0.115967866083927
          3.08372206107485         0.117819211249173
          3.08733086395498          0.11565454266415
          3.09093966683511         0.116042130377337
          3.09454846971525         0.113821796667621
          3.09815727259538         0.114773153813599
          3.10176607547552         0.115582307541182
          3.10537487835565         0.113680926678226
          3.10898368123579         0.117181173829695
          3.11259248411592         0.114602014170385
          3.11620128699606         0.112521729845531
          3.11981008987619         0.112881199506625
          3.12341889275632         0.115457974459816
          3.12702769563646         0.113983292762868
          3.13063649851659         0.114691466298019
          3.13424530139673         0.115088730953439
          3.13785410427686         0.109364332175311
            3.141462907157         0.111949419396967
          3.14507171003713         0.111451039566115
          3.14868051291727         0.110929058869133
           3.1522893157974         0.113566693052623
          3.15589811867753         0.111743264337708
          3.15950692155767         0.109105786159818
           3.1631157244378         0.112371968460277
          3.16672452731794         0.111893400952623
          3.17033333019807         0.111531813430568
          3.17394213307821          0.11279336515748
          3.17755093595834         0.109487088353801
          3.18115973883848         0.111869062673944
          3.18476854171861          0.11237188789442
          3.18837734459874         0.106948296903211
          3.19198614747888         0.113071087857118
          3.19559495035901         0.108563108493037
          3.19920375323915         0.111002331563353
          3.20281255611928         0.112354910736365
          3.20642135899942         0.110875018540693
          3.21003016187955         0.107776594452601
          3.21363896475968          0.10858962394046
          3.21724776763982         0.109887109547307
          3.22085657051995          0.10682422545111
          3.22446537340009         0.109825390367755
          3.22807417628022          0.10948422544177
          3.23168297916036         0.106305050720749
          3.23529178204049         0.107678063960476
          3.23890058492063         0.106520010010536
          3.24250938780076         0.108593488124622
          3.24611819068089         0.109611099930602
          3.24972699356103         0.108152330083366
          3.25333579644116         0.105953373254388
           3.2569445993213         0.108199788086608
          3.26055340220143         0.110057139160845
          3.26416220508157         0.105427063495356
           3.2677710079617         0.106886193252151
          3.27137981084184         0.107552437355159
          3.27498861372197         0.107010870971317
           3.2785974166021         0.107170600997539
          3.28220621948224         0.107554284523384
          3.28581502236237         0.102495445330608
          3.28942382524251         0.107783439619583
          3.29303262812264         0.107995177218278
          3.29664143100278         0.105949023116187
          3.30025023388291         0.107886810405691
          3.30385903676305         0.107918860380686
          3.30746783964318         0.105441773904686
          3.31107664252331         0.107262202683856
          3.31468544540345         0.103429657040226
          3.31829424828358         0.105330921656695
          3.32190305116372         0.106389730876953
          3.32551185404385         0.103837553920504
          3.32912065692399         0.106919155041084
          3.33272945980412         0.103164338359678
          3.33633826268425         0.103608099512853
          3.33994706556439         0.103731591801588
          3.34355586844452         0.104470756036407
          3.34716467132466         0.106301738853759
          3.35077347420479         0.104652067919289
          3.35438227708493         0.104655615421879
          3.35799107996506          0.10502721690656
           3.3615998828452         0.102322831877653
          3.36520868572533         0.104155029269797
          3.36881748860546         0.104688061893219
           3.3724262914856         0.102959211376689
          3.37603509436573          0.10240793547187
          3.37964389724587         0.102352067619279
            3.383252700126         0.103352398292275
          3.38686150300614         0.102707611578787
          3.39047030588627          0.10042373901751
           3.3940791087664         0.100095530710858
          3.39768791164654         0.104186465940479
          3.40129671452667         0.101334848559262
          3.40490551740681         0.100210070469607
          3.40851432028694         0.101696565128842
          3.41212312316708         0.103351070994882
          3.41573192604721        0.0996165392347589
          3.41934072892735         0.100919815226152
          3.42294953180748         0.100286602832936
          3.42655833468761         0.101192363451093
          3.43016713756775         0.101062089816837
          3.43377594044788         0.102629784826243
          3.43738474332802        0.0984134534205912
          3.44099354620815        0.0987309737898411
          3.44460234908829        0.0988635739804933
          3.44821115196842          0.10016112179357
          3.45181995484856         0.100369224848278
          3.45542875772869          0.10187802355413
          3.45903756060882         0.101054894809004
          3.46264636348896        0.0991084883702993
          3.46625516636909        0.0987826216250334
          3.46986396924923        0.0981760060205282
          3.47347277212936        0.0994612349405231
           3.4770815750095        0.0997849319504647
          3.48069037788963        0.0999587782110354
          3.48429918076976         0.101285574407037
           3.4879079836499        0.0986356809922903
          3.49151678653003        0.0981981008168157
          3.49512558941017        0.0970904744041944
           3.4987343922903          0.09827273810914
          3.50234319517044        0.0986436062566093
          3.50595199805057        0.0965381138088469
          3.50956080093071        0.0950091285495426
          3.51316960381084        0.0973915377763066
          3.51677840669097        0.0971837714325396
          3.52038720957111        0.0978531273396389
          3.52399601245124        0.0975157041464385
          3.52760481533138        0.0975533765343165
          3.53121361821151         0.094885533108763
          3.53482242109165        0.0991945673430679
          3.53843122397178        0.0933983192816704
          3.54204002685191        0.0959990497634633
          3.54564882973205        0.0969848401603255
          3.54925763261218        0.0959289386744997
          3.55286643549232        0.0992297684799486
          3.55647523837245        0.0964910604465232
          3.56008404125259        0.0965163803251852
          3.56369284413272         0.095776362890515
          3.56730164701286         0.096853783497508
          3.57091044989299        0.0974655595453807
          3.57451925277313        0.0965346374621112
          3.57812805565326        0.0950342616397323
          3.58173685853339        0.0972290956792865
          3.58534566141353        0.0952802921449023
          3.58895446429366        0.0930863128896118
           3.5925632671738        0.0959980707380945
          3.59617207005393        0.0944312343802702
          3.59978087293407        0.0948728390405661
           3.6033896758142        0.0936971709298773
          3.60699847869433        0.0941158429345675
          3.61060728157447        0.0938921099450168
           3.6142160844546        0.0943240521214206
          3.61782488733474        0.0943107909341147
          3.62143369021487        0.0939068374611595
          3.62504249309501        0.0947447403403902
          3.62865129597514        0.0957769182602407
          3.63226009885528        0.0954379883698741
          3.63586890173541        0.0937010528275038
          3.63947770461554        0.0943341119690851
          3.64308650749568        0.0943039650591972
          3.64669531037581        0.0922236820267512
          3.65030411325595         0.092721730027428
          3.65391291613608        0.0949794930261136
          3.65752171901622        0.0930890501117452
          3.66113052189635        0.0933138553522361
          3.66473932477649        0.0921888868142905
          3.66834812765662        0.0920988643656092
          3.67195693053675        0.0920862976113235
          3.67556573341689        0.0903807725456416
          3.67917453629702        0.0922262907645118
          3.68278333917716        0.0942981654752496
          3.68639214205729        0.0905622150351165
          3.69000094493743        0.0904295825966836
          3.69360974781756        0.0923216073542841
          3.69721855069769        0.0922911607357682
          3.70082735357783        0.0942448081448906
          3.70443615645796        0.0921583107579185
           3.7080449593381        0.0914314592158805
          3.71165376221823        0.0913025566613173
          3.71526256509837         0.091193768375078
           3.7188713679785        0.0929186034037464
          3.72248017085864        0.0942299110321099
          3.72608897373877        0.0910793164837469
          3.72969777661891        0.0889102573321218
          3.73330657949904        0.0908562429425647
          3.73691538237917        0.0919748369184828
          3.74052418525931        0.0913742746565066
          3.74413298813944        0.0898896622671079
          3.74774179101958        0.0897647899121907
          3.75135059389971        0.0896175917057253
          3.75495939677985        0.0921678575764007
          3.75856819965998         0.089609627477021
          3.76217700254011        0.0908646411767921
          3.76578580542025          0.08929457436753
          3.76939460830038        0.0895511462780087
          3.77300341118052        0.0905126628465297
          3.77661221406065        0.0907727119249527
          3.78022101694079        0.0878167560824075
          3.78382981982092        0.0919634976056609
          3.78743862270106        0.0908263548146661
          3.79104742558119         0.090334298780994
          3.79465622846132        0.0871213999040181
          3.79826503134146        0.0883875263581613
          3.80187383422159        0.0918883808713527
          3.80548263710173        0.0890851038368313
          3.80909143998186         0.089483278910498
            3.812700242862        0.0871975193380551
          3.81630904574213        0.0898078811250662
          3.81991784862226        0.0893076078580984
           3.8235266515024        0.0893791442797763
          3.82713545438253        0.0919117508384705
          3.83074425726267        0.0879443958538907
           3.8343530601428        0.0900542880132321
          3.83796186302294        0.0891303595484776
          3.84157066590307        0.0881653026145499
          3.84517946878321        0.0872444596742924
          3.84878827166334        0.0885527803461844
          3.85239707454347        0.0872088790799714
          3.85600587742361        0.0866498380771078
          3.85961468030374        0.0893708049624757
          3.86322348318388        0.0887129885637271
          3.86683228606401        0.0888109294239855
          3.87044108894415        0.0885948999066519
          3.87404989182428        0.0895459613955965
          3.87765869470442        0.0875493372669087
          3.88126749758455        0.0880308455150937
          3.88487630046468        0.0882135175852311
          3.88848510334482        0.0863502155907699
          3.89209390622495        0.0888170390901522
          3.89570270910509        0.0861344843999073
          3.89931151198522         0.086789479976163
          3.90292031486536        0.0857823573258249
          3.90652911774549        0.0857364979175928
          3.91013792062562        0.0867454783324285
          3.91374672350576         0.087004623262004
          3.91735552638589        0.0853819308833962
          3.92096432926603        0.0855822190190065
          3.92457313214616        0.0856490336169306
           3.9281819350263        0.0846852862106387
          3.93179073790643        0.0870155926988218
          3.93539954078657        0.0861937286077286
           3.9390083436667        0.0857525959808582
          3.94261714654683        0.0871141638522361
          3.94622594942697        0.0847968651899149
           3.9498347523071        0.0855697907305854
          3.95344355518724         0.085363668030469
          3.95705235806737        0.0862474622274437
          3.96066116094751        0.0860474999797976
          3.96426996382764        0.0846118829654761
          3.96787876670777        0.0848317803923143
          3.97148756958791        0.0842694558978109
          3.97509637246804        0.0842459906630999
          3.97870517534818        0.0838133128583844
          3.98231397822831        0.0862008542436215
          3.98592278110845         0.085707163398315
          3.98953158398858        0.0850516937989226
          3.99314038686872         0.086162774185475
          3.99674918974885        0.0853944644062298
          4.00035799262898        0.0851726195106808
          4.00396679550912        0.0849259265131564
          4.00757559838925        0.0838815183013833
          4.01118440126939        0.0840871636856818
          4.01479320414952        0.0854486925953054
          4.01840200702966          0.08491696247626
          4.02201080990979        0.0838701351909952
          4.02561961278993        0.0848021602872716
          4.02922841567006        0.0846921162275736
          4.03283721855019        0.0843200308055876
          4.03644602143033         0.082653665539137
          4.04005482431046        0.0843535706223182
           4.0436636271906        0.0844021394583008
          4.04727243007073        0.0835778686421144
          4.05088123295087         0.083282049685869
            4.054490035831        0.0827087527195078
          4.05809883871114        0.0832603994159457
          4.06170764159127        0.0826292961433297
           4.0653164444714        0.0837846202406789
          4.06892524735154        0.0836458340518646
          4.07253405023167        0.0814668897578733
          4.07614285311181        0.0818920581888706
          4.07975165599194        0.0822017556560255
          4.08336045887208        0.0835280228352731
          4.08696926175221        0.0837432595576814
          4.09057806463234        0.0835656371686951
          4.09418686751248        0.0834832760512636
          4.09779567039261        0.0831395242339627
          4.10140447327275        0.0823418783717813
          4.10501327615288        0.0825713719968193
          4.10862207903302        0.0821289876086936
          4.11223088191315        0.0808379235662318
          4.11583968479329        0.0813415483816118
          4.11944848767342        0.0817603902471392
          4.12305729055355        0.0818030353793476
          4.12666609343369        0.0816496586275234
          4.13027489631382        0.0831697234458049
          4.13388369919396        0.0833008697836051
          4.13749250207409        0.0823437149129392
          4.14110130495423          0.08172872458741
          4.14471010783436        0.0818057655505597
           4.1483189107145        0.0811870299490113
          4.15192771359463        0.0795479813017004
          4.15553651647476        0.0828930872179732
           4.1591453193549        0.0793191208767534
          4.16275412223503          0.08178201752031
          4.16636292511517        0.0824490851693042
           4.1699717279953        0.0832574257024082
          4.17358053087544        0.0828662147011771
          4.17718933375557        0.0817527795522129
          4.18079813663571        0.0828778774672481
          4.18440693951584        0.0815006093561437
          4.18801574239597        0.0823906961146585
          4.19162454527611        0.0812174633749531
          4.19523334815624        0.0818611372898427
          4.19884215103638        0.0816033642733949
          4.20245095391651        0.0807751120099503
          4.20605975679665        0.0808697282214609
          4.20966855967678        0.0811154804572208
          4.21327736255691        0.0801081899914831
          4.21688616543705        0.0802465523855999
          4.22049496831718        0.0802631217503018
          4.22410377119732        0.0799339672989235
          4.22771257407745        0.0778873042686914
          4.23132137695759        0.0799710099364245
          4.23493017983772        0.0790906042119728
          4.23853898271786         0.079460312584281
          4.24214778559799        0.0784356322573019
          4.24575658847812        0.0810781727911255
          4.24936539135826        0.0783792539402381
          4.25297419423839        0.0798102445444591
          4.25658299711853        0.0774621818633746
          4.26019179999866        0.0781133388984901
           4.2638006028788        0.0796016267027778
          4.26740940575893        0.0802161162006366
          4.27101820863906        0.0779231106361557
           4.2746270115192        0.0779891302357108
          4.27823581439933        0.0778096414859934
          4.28184461727947        0.0765793426076621
           4.2854534201596        0.0769144252203727
          4.28906222303974        0.0775109774107493
          4.29267102591987        0.0773808107178653
          4.29627982880001        0.0775036129406404
          4.29988863168014        0.0768067855940637
          4.30349743456028        0.0768836805598496
          4.30710623744041        0.0758749451173498
          4.31071504032054        0.0761093900534711
          4.31432384320068        0.0763855826331439
          4.31793264608081        0.0755537404887685
          4.32154144896095        0.0755872091500866
          4.32515025184108         0.076220643797806
          4.32875905472122        0.0757624540347979
          4.33236785760135        0.0763021974496453
          4.33597666048148        0.0745603399325932
          4.33958546336162        0.0744790380156815
          4.34319426624175        0.0750695228672162
          4.34680306912189         0.074387591002325
          4.35041187200202        0.0755725903642527
          4.35402067488216        0.0758721925987946
          4.35762947776229        0.0737632633099629
          4.36123828064243        0.0747832670563008
          4.36484708352256        0.0740687880773518
          4.36845588640269        0.0744072333580687
          4.37206468928283        0.0740372622486347
          4.37567349216296        0.0734635440013985
           4.3792822950431        0.0748101967849617
          4.38289109792323        0.0739302382783189
          4.38649990080337        0.0735832710469773
           4.3901087036835        0.0725043467155272
          4.39371750656363        0.0721846486719064
          4.39732630944377        0.0728766083197592
           4.4009351123239        0.0735216118207459
          4.40454391520404        0.0728153154593872
          4.40815271808417        0.0742321213014867
          4.41176152096431        0.0731091340433767
          4.41537032384444        0.0731536688878251
          4.41897912672458        0.0724166583151526
          4.42258792960471        0.0726480528457056
          4.42619673248484        0.0722196242974257
          4.42980553536498        0.0720814327202513
          4.43341433824511         0.071849096928125
          4.43702314112525        0.0721204537145107
          4.44063194400538        0.0726599151860205
          4.44424074688552        0.0716244603625863
          4.44784954976565        0.0713504599026981
          4.45145835264579        0.0723142949494948
          4.45506715552592        0.0715707562612467
          4.45867595840605        0.0701549863622593
          4.46228476128619        0.0713199772995644
          4.46589356416632        0.0712342209438931
          4.46950236704646        0.0718416302935412
          4.47311116992659        0.0703841385699286
          4.47671997280673        0.0711030453096247
          4.48032877568686        0.0702546411279929
          4.48393757856699         0.071322509777939
          4.48754638144713        0.0705781791402258
          4.49115518432726        0.0712430200623028
           4.4947639872074        0.0702545873565414
          4.49837279008753        0.0692282921949786
          4.50198159296767        0.0698020584939758
           4.5055903958478        0.0704468093078914
          4.50919919872794        0.0692024224172667
          4.51280800160807        0.0708181980328136
           4.5164168044882        0.0700386421076687
          4.52002560736834        0.0711334309093186
          4.52363441024847        0.0689709612039293
          4.52724321312861        0.0715747582105097
          4.53085201600874        0.0682665923589076
          4.53446081888888        0.0691448410710303
          4.53806962176901        0.0688375734640313
          4.54167842464915        0.0693257524041929
          4.54528722752928        0.0695627510920168
          4.54889603040941        0.0688703380610708
          4.55250483328955        0.0684693576802439
          4.55611363616968        0.0691075917232496
          4.55972243904982        0.0689383442264441
          4.56333124192995        0.0690103960570388
          4.56694004481009        0.0691437444484856
          4.57054884769022        0.0684092283853748
          4.57415765057035        0.0675935042882445
          4.57776645345049        0.0694175320079065
          4.58137525633062        0.0688110668167329
          4.58498405921076        0.0677237117350417
          4.58859286209089         0.068659155908014
          4.59220166497103        0.0687029704182284
          4.59581046785116        0.0676811603832075
           4.5994192707313        0.0667030253397789
          4.60302807361143         0.067319284163826
          4.60663687649156        0.0674274552121059
           4.6102456793717        0.0672855702813823
          4.61385448225183        0.0671163605271935
          4.61746328513197        0.0675824331337995
           4.6210720880121        0.0685100089169222
          4.62468089089224        0.0672348735368997
          4.62828969377237        0.0663731100648571
          4.63189849665251        0.0656857532941467
          4.63550729953264        0.0647869479291758
          4.63911610241277        0.0661366486425864
          4.64272490529291        0.0673642856625607
          4.64633370817304        0.0658724753227884
          4.64994251105318          0.06691103221708
          4.65355131393331        0.0656308243285633
          4.65716011681345        0.0663890526869935
          4.66076891969358        0.0684532030739756
          4.66437772257371        0.0651369733698418
          4.66798652545385        0.0648329327444491
          4.67159532833398        0.0675154787997514
          4.67520413121412        0.0652701526427768
          4.67881293409425        0.0672078599386643
          4.68242173697439        0.0660621120322743
          4.68603053985452        0.0658416756273332
          4.68963934273466         0.065771372615414
          4.69324814561479         0.064449862968452
          4.69685694849492        0.0650642891857674
          4.70046575137506        0.0650830444841341
          4.70407455425519        0.0654939901911891
          4.70768335713533         0.065736308909729
          4.71129216001546        0.0660560649246517
           4.7149009628956        0.0653644558060574
          4.71850976577573        0.0656796983599601
          4.72211856865586        0.0643792713322071
            4.725727371536        0.0650096605625384
          4.72933617441613        0.0647442351021035
          4.73294497729627        0.0646541121633227
           4.7365537801764        0.0657512952553043
          4.74016258305654        0.0650510013229623
          4.74377138593667        0.0638971179364031
          4.74738018881681        0.0645613433322275
          4.75098899169694        0.0636735813377995
          4.75459779457707        0.0646611744099575
          4.75820659745721        0.0645944553508656
          4.76181540033734        0.0648288916988518
          4.76542420321748        0.0650141023081638
          4.76903300609761        0.0634785246509008
          4.77264180897775        0.0631765219364481
          4.77625061185788        0.0637313548912589
          4.77985941473802        0.0621370353150305
          4.78346821761815        0.0637023634349139
          4.78707702049828        0.0632229613700073
          4.79068582337842        0.0640847939527165
          4.79429462625855        0.0645248241624708
          4.79790342913869        0.0635514133137898
          4.80151223201882        0.0628235821388375
          4.80512103489896        0.0632273781265379
          4.80872983777909        0.0638167813084013
          4.81233864065922        0.0627279856667347
          4.81594744353936        0.0621914377753837
          4.81955624641949        0.0626622491376641
          4.82316504929963        0.0630830926598866
          4.82677385217976        0.0626971421009101
           4.8303826550599        0.0643730363989906
          4.83399145794003        0.0617319864834727
          4.83760026082017         0.062437136727499
           4.8412090637003        0.0607072507845263
          4.84481786658043        0.0633335539341082
          4.84842666946057        0.0624864278510641
           4.8520354723407        0.0615436339012203
          4.85564427522084        0.0613152977478786
          4.85925307810097        0.0623137159844796
          4.86286188098111        0.0617249266190732
          4.86647068386124        0.0623084419096179
          4.87007948674138         0.061605051481825
          4.87368828962151        0.0620752740608555
          4.87729709250165        0.0616671640045695
          4.88090589538178        0.0613089866954217
          4.88451469826191        0.0608209251547098
          4.88812350114205        0.0625435954230891
          4.89173230402218        0.0622288558776878
          4.89534110690232        0.0612941151533778
          4.89894990978245        0.0606925688418904
          4.90255871266259        0.0603648530351467
          4.90616751554272         0.060743163057482
          4.90977631842285         0.061383616074675
          4.91338512130299        0.0601064752617453
          4.91699392418312        0.0610500853607309
          4.92060272706326        0.0600585927474414
          4.92421152994339        0.0613405348891749
          4.92782033282353        0.0614042202162124
          4.93142913570366        0.0623777277851956
           4.9350379385838        0.0600815092116394
          4.93864674146393        0.0601609144858978
          4.94225554434406        0.0604904253966331
           4.9458643472242        0.0609228064903406
          4.94947315010433        0.0611678559187619
          4.95308195298447        0.0602633783657994
           4.9566907558646        0.0603290043208102
          4.96029955874474        0.0602943144359233
          4.96390836162487        0.0604595081979136
            4.967517164505        0.0606975616813462
          4.97112596738514        0.0591025799453811
          4.97473477026527        0.0591214433875897
          4.97834357314541        0.0604626837764302
          4.98195237602554        0.0594190626096918
          4.98556117890568        0.0618775673238031
          4.98916998178581        0.0606456299577366
          4.99277878466595        0.0587240200110215
          4.99638758754608        0.0589971186458778
          4.99999639042621        0.0599197774051776
          5.00360519330635        0.0592347148791469
          5.00721399618648        0.0602148353787761
          5.01082279906662        0.0597223609800115
          5.01443160194675        0.0599123862476681
          5.01804040482689        0.0598161508334529
          5.02164920770702        0.0594742169460326
          5.02525801058716        0.0583479230528543
          5.02886681346729        0.0605907950063505
          5.03247561634742        0.0604835151163193
          5.03608441922756        0.0589834679909479
          5.03969322210769        0.0594375150195925
          5.04330202498783        0.0579214422679872
          5.04691082786796        0.0588803011272822
           5.0505196307481        0.0583799147879496
          5.05412843362823        0.0586983115777246
          5.05773723650836        0.0599756591626365
           5.0613460393885        0.0598520637909109
          5.06495484226863        0.0579367193203378
          5.06856364514877        0.0595067861038701
           5.0721724480289        0.0591204863157613
          5.07578125090904        0.0582793644935785
          5.07939005378917         0.058843029480445
          5.08299885666931        0.0600738932345127
          5.08660765954944        0.0581385448567667
          5.09021646242957        0.0583429086724521
          5.09382526530971        0.0571419214076974
          5.09743406818984        0.0592086284816907
          5.10104287106998         0.057321233267229
          5.10465167395011         0.058121600191686
          5.10826047683025        0.0578420122741489
          5.11186927971038         0.058214319350414
          5.11547808259052        0.0576592916833937
          5.11908688547065         0.057736970374944
          5.12269568835078        0.0574582239181934
          5.12630449123092        0.0585121178291922
          5.12991329411105        0.0583350238645489
          5.13352209699119        0.0579905422067795
          5.13713089987132        0.0585548791681623
          5.14073970275146        0.0575940156152822
          5.14434850563159        0.0561164423965353
          5.14795730851172        0.0588463840319085
          5.15156611139186        0.0575802703855377
          5.15517491427199        0.0570118480140131
          5.15878371715213        0.0582758251732232
          5.16239252003226        0.0576949659177307
           5.1660013229124        0.0563182202534273
          5.16961012579253        0.0581715416156141
          5.17321892867267        0.0582017250288746
           5.1768277315528        0.0560588085607621
          5.18043653443293        0.0568174505797183
          5.18404533731307        0.0570035505379631
           5.1876541401932        0.0575383719738725
          5.19126294307334        0.0565079676544084
          5.19487174595347        0.0559153359507851
          5.19848054883361        0.0564471391920005
          5.20208935171374        0.0562453303053044
          5.20569815459388        0.0561038309886125
          5.20930695747401        0.0569944133549166
          5.21291576035414        0.0560479978068779
          5.21652456323428        0.0561157383347542
          5.22013336611441        0.0573985733345589
          5.22374216899455         0.056882753072096
          5.22735097187468        0.0557363300231773
          5.23095977475482        0.0555695121401688
          5.23456857763495        0.0558902261297376
          5.23817738051508        0.0563985489260711
          5.24178618339522        0.0560479930147794
          5.24539498627535        0.0550235841918085
          5.24900378915549        0.0577884694990681
          5.25261259203562        0.0569663768660182
          5.25622139491576        0.0558002360472171
          5.25983019779589        0.0559729966951368
          5.26343900067603        0.0567274110443676
          5.26704780355616        0.0556811957729828
          5.27065660643629        0.0550805063100223
          5.27426540931643        0.0570872657336586
          5.27787421219656        0.0556362244678214
           5.2814830150767        0.0561846508970656
          5.28509181795683        0.0559352973032717
          5.28870062083697        0.0567323798325412
           5.2923094237171        0.0559022696206163
          5.29591822659723        0.0553742382972161
          5.29952702947737        0.0552943035242198
           5.3031358323575        0.0554753690096301
          5.30674463523764        0.0549951085097151
          5.31035343811777        0.0545370389794135
          5.31396224099791        0.0555835810599067
          5.31757104387804        0.0556866410248284
          5.32117984675818        0.0553248712155949
          5.32478864963831        0.0541387883761451
          5.32839745251844        0.0560997531276215
          5.33200625539858        0.0562607814630554
          5.33561505827871        0.0559770445183758
          5.33922386115885        0.0551096047218633
          5.34283266403898        0.0551914885890349
          5.34644146691912        0.0552662260176496
          5.35005026979925        0.0546514226770463
          5.35365907267939        0.0544455024325845
          5.35726787555952        0.0553759000268182
          5.36087667843965        0.0546423329173322
          5.36448548131979        0.0545333535225119
          5.36809428419992        0.0549144554812663
          5.37170308708006        0.0535478364409291
          5.37531188996019        0.0548300679854176
          5.37892069284033        0.0548585504276692
          5.38252949572046        0.0539784795522181
          5.38613829860059         0.053073806799913
          5.38974710148073        0.0539611654680665
          5.39335590436086        0.0531425459832758
            5.396964707241        0.0526266979704199
          5.40057351012113        0.0535570812588815
          5.40418231300127        0.0533648781747497
           5.4077911158814        0.0541714705350849
          5.41139991876154         0.053627741531967
          5.41500872164167        0.0530923680213057
           5.4186175245218        0.0531767908787106
          5.42222632740194        0.0527663919263672
          5.42583513028207        0.0539842766771754
          5.42944393316221        0.0534499763756543
          5.43305273604234        0.0534479252242281
          5.43666153892248        0.0542792721867878
          5.44027034180261        0.0535064917319784
          5.44387914468275        0.0528036798366879
          5.44748794756288        0.0538430599180435
          5.45109675044302        0.0544109952006191
          5.45470555332315        0.0537351072097438
          5.45831435620328        0.0529980389489008
          5.46192315908342        0.0545075422386774
          5.46553196196355        0.0534254406748467
          5.46914076484369        0.0526588501884347
          5.47274956772382        0.0530258591218805
          5.47635837060395        0.0546612682898854
          5.47996717348409        0.0538067751201041
          5.48357597636422        0.0526753007694747
          5.48718477924436        0.0527572633022401
          5.49079358212449        0.0517279639883943
          5.49440238500463        0.0531067239025537
          5.49801118788476        0.0531531880599139
           5.5016199907649        0.0532306760240309
          5.50522879364503        0.0510741242148773
          5.50883759652517        0.0539961135765027
           5.5124463994053        0.0517278145617812
          5.51605520228543        0.0511890842571944
          5.51966400516557        0.0518533401094525
           5.5232728080457        0.0519397540591198
          5.52688161092584        0.0523764589496306
          5.53049041380597        0.0529182048236364
          5.53409921668611        0.0528638112367931
          5.53770801956624        0.0537834676154352
          5.54131682244637         0.051476052814467
          5.54492562532651        0.0507159624869869
          5.54853442820664         0.053480147181717
          5.55214323108678        0.0523521037354041
          5.55575203396691        0.0514853406616595
          5.55936083684705        0.0532143846612708
          5.56296963972718         0.053410344936386
          5.56657844260732        0.0521193660536091
          5.57018724548745        0.0518387370540889
          5.57379604836758        0.0524755539525658
          5.57740485124772        0.0524968491025096
          5.58101365412785        0.0512526483553681
          5.58462245700799        0.0500433725007279
          5.58823125988812        0.0518990394563672
          5.59184006276826        0.0511019743794891
          5.59544886564839        0.0536973606042078
          5.59905766852853        0.0526925566076447
          5.60266647140866        0.0507933127906456
          5.60627527428879        0.0514450235992879
          5.60988407716893        0.0524798794652929
          5.61349288004906        0.0511880942730456
           5.6171016829292        0.0528102632407762
          5.62071048580933        0.0523129673235348
          5.62431928868947        0.0501644797074867
           5.6279280915696        0.0512912604567437
          5.63153689444973        0.0527069670153595
          5.63514569732987        0.0517253999621571
             5.63875450021         0.051631270672464
          5.64236330309014        0.0511714353556757
          5.64597210597027        0.0515079236537744
          5.64958090885041        0.0507844024187772
          5.65318971173054        0.0532390449567466
          5.65679851461068        0.0494554662849774
          5.66040731749081         0.050864497979777
          5.66401612037095        0.0506209620181692
          5.66762492325108        0.0521987392856137
          5.67123372613121        0.0495209780251865
          5.67484252901135        0.0509550225850329
          5.67845133189148         0.051824853689252
          5.68206013477162        0.0510548450286759
          5.68566893765175         0.050450249675826
          5.68927774053188        0.0511833620888243
          5.69288654341202        0.0497912003959423
          5.69649534629215        0.0514006328866725
          5.70010414917229        0.0507769860925495
          5.70371295205242        0.0498743282156147
          5.70732175493256        0.0495190934122293
          5.71093055781269        0.0492329970073646
          5.71453936069283        0.0500447104004839
          5.71814816357296        0.0508195610352817
          5.72175696645309        0.0521578326829827
          5.72536576933323        0.0498317859619687
          5.72897457221336        0.0503050615204844
           5.7325833750935        0.0498454056195053
          5.73619217797363         0.050373073124254
          5.73980098085377        0.0508804296223683
           5.7434097837339        0.0512361553064795
          5.74701858661404        0.0494564454250656
          5.75062738949417        0.0486499408641067
           5.7542361923743        0.0498355399931059
          5.75784499525444        0.0504147087055729
          5.76145379813457        0.0499661302515658
          5.76506260101471        0.0496651314908403
          5.76867140389484         0.049564135188272
          5.77228020677498        0.0499071857166425
          5.77588900965511        0.0507435293046934
          5.77949781253524        0.0496144024708765
          5.78310661541538        0.0492347499208852
          5.78671541829551        0.0497723340293213
          5.79032422117565        0.0492372442339981
          5.79393302405578        0.0478271914722541
          5.79754182693592        0.0482367351644724
          5.80115062981605        0.0501695959383835
          5.80475943269619        0.0493788738520624
          5.80836823557632        0.0496171902400717
          5.81197703845646        0.0483001666750099
          5.81558584133659        0.0471058754225478
          5.81919464421672         0.048092853948766
          5.82280344709686        0.0477968525270214
          5.82641224997699        0.0504714681160649
          5.83002105285713        0.0502186572680298
          5.83362985573726        0.0488594226664441
          5.83723865861739        0.0499410110142181
          5.84084746149753        0.0489695728301084
          5.84445626437766         0.047738693972194
           5.8480650672578        0.0484196537138207
          5.85167387013793        0.0475374802790967
          5.85528267301807        0.0495512182618822
           5.8588914758982        0.0481884458417839
          5.86250027877834        0.0476405932347652
          5.86610908165847        0.0490841672002167
          5.86971788453861        0.0466388308302723
          5.87332668741874        0.0466703337982431
          5.87693549029887        0.0487679217793673
          5.88054429317901        0.0479606090002488
          5.88415309605914        0.0474306820775455
          5.88776189893928         0.050058546104391
          5.89137070181941        0.0481386797414285
          5.89497950469955        0.0489162463716203
          5.89858830757968        0.0483225698425022
          5.90219711045981          0.04807784300219
          5.90580591333995          0.04688473574963
          5.90941471622008        0.0485695023980106
          5.91302351910022        0.0478413810127115
          5.91663232198035        0.0472112152239339
          5.92024112486049         0.047175992783822
          5.92384992774062        0.0475176179617559
          5.92745873062076        0.0473777143569801
          5.93106753350089        0.0465460364744914
          5.93467633638102        0.0499266858766666
          5.93828513926116        0.0473994597551345
          5.94189394214129        0.0473227459518691
          5.94550274502143        0.0489360295398356
          5.94911154790156        0.0465620804655151
           5.9527203507817        0.0448862619186623
          5.95632915366183        0.0478177157008116
          5.95993795654197        0.0458229665318281
           5.9635467594221        0.0467875353197553
          5.96715556230223        0.0457809302992384
          5.97076436518237        0.0460637943681272
           5.9743731680625        0.0457480352311406
          5.97798197094264        0.0479874706040509
          5.98159077382277        0.0474116274635136
           5.9851995767029        0.0475572993422874
          5.98880837958304        0.0460110022320263
          5.99241718246317        0.0446167886267847
          5.99602598534331        0.0462548168001664
          5.99963478822344        0.0451453948783618
          6.00324359110358        0.0476515819420007
          6.00685239398371        0.0472162903798465
          6.01046119686385        0.0458107801467098
          6.01406999974398        0.0451418715851801
          6.01767880262412        0.0439193368711152
          6.02128760550425         0.044403529723905
          6.02489640838438        0.0472081669663912
          6.02850521126452        0.0460726918802727
          6.03211401414465        0.0431863366228581
          6.03572281702479        0.0452705873357463
          6.03933161990492        0.0443152580757135
          6.04294042278506        0.0450390225552472
          6.04654922566519          0.04419621886831
          6.05015802854532        0.0450965871291242
          6.05376683142546        0.0444216859847162
          6.05737563430559        0.0436076855674633
          6.06098443718573        0.0456652977925748
          6.06459324006586        0.0464820280134887
            6.068202042946         0.045235193443192
          6.07181084582613        0.0458023325624297
          6.07541964870627        0.0452181230546419
           6.0790284515864        0.0461995924321756
          6.08263725446653        0.0452119323780142
          6.08624605734667        0.0438125082189164
           6.0898548602268        0.0459230568132773
          6.09346366310694        0.0459213159224236
          6.09707246598707        0.0460077480943024
          6.10068126886721        0.0450832105898165
          6.10429007174734        0.0431618938528344
          6.10789887462748        0.0448729448463733
          6.11150767750761        0.0435271237009382
          6.11511648038775         0.042401393141441
          6.11872528326788        0.0433440375129817
          6.12233408614801        0.0452549826949434
          6.12594288902815         0.046131365648885
          6.12955169190828        0.0434301422375801
          6.13316049478842         0.043735865654379
          6.13676929766855         0.044938361772291
          6.14037810054869        0.0434769843270464
          6.14398690342882        0.0454065065231741
          6.14759570630895        0.0434170329643597
          6.15120450918909         0.045117650284789
          6.15481331206922        0.0455019725770846
          6.15842211494936         0.043950179762963
          6.16203091782949        0.0422377162620158
          6.16563972070963        0.0432833019241254
          6.16924852358976        0.0427539122776195
           6.1728573264699        0.0429475076425593
          6.17646612935003         0.042959094774731
          6.18007493223016        0.0440555386201141
           6.1836837351103        0.0440805102550242
          6.18729253799043        0.0471922141116712
          6.19090134087057        0.0444273502743095
           6.1945101437507        0.0458975836508612
          6.19811894663084        0.0436976863817307
          6.20172774951097         0.043077242951422
          6.20533655239111        0.0460299048823073
          6.20894535527124        0.0443914387033444
          6.21255415815137        0.0451059256256824
          6.21616296103151         0.045062037139719
          6.21977176391164        0.0422453729792691
          6.22338056679178        0.0440557004956236
          6.22698936967191        0.0422515830954297
          6.23059817255204        0.0432126402722538
          6.23420697543218        0.0427726639904942
          6.23781577831231        0.0452466376971364
          6.24142458119245        0.0429161005473745
          6.24503338407258        0.0432850536895198
          6.24864218695272        0.0426500462303418
          6.25225098983285        0.0434178279587508
          6.25585979271299        0.0454176748475004
          6.25946859559312         0.043208814609314
          6.26307739847326        0.0437493517667957
          6.26668620135339        0.0420202224767923
          6.27029500423352        0.0441384777546021
          6.27390380711366        0.0427679385082696
          6.27751260999379        0.0442923536870771
          6.28112141287393        0.0442480801410474
          6.28473021575406         0.042163966243606
           6.2883390186342         0.045250037388478
          6.29194782151433        0.0419955098605925
          6.29555662439446         0.044341871537983
           6.2991654272746        0.0444297773387785
          6.30277423015473        0.0437458995760459
          6.30638303303487        0.0418483031730363
            6.309991835915        0.0399365895345507
          6.31360063879514        0.0415950109036467
          6.31720944167527        0.0423129459769884
          6.32081824455541        0.0431883133283418
          6.32442704743554         0.044263031379351
          6.32803585031567        0.0435393275998047
          6.33164465319581         0.042056278640412
          6.33525345607594        0.0458367490062776
          6.33886225895608        0.0440495240335334
          6.34247106183621        0.0406260901006667
          6.34607986471635        0.0422792679394034
          6.34968866759648        0.0413195314224724
          6.35329747047662        0.0436082097291193
          6.35690627335675        0.0406478705384832
          6.36051507623688        0.0407099897981957
          6.36412387911702        0.0419999998341355
          6.36773268199715        0.0422118906759923
          6.37134148487729        0.0421231669659705
          6.37495028775742        0.0434165387952765
          6.37855909063755         0.040419220607391
          6.38216789351769        0.0413587884002771
          6.38577669639782        0.0413246552152866
          6.38938549927796        0.0422939974913696
          6.39299430215809        0.0443228330527162
          6.39660310503823        0.0421159410779572
          6.40021190791836        0.0429970696447329
           6.4038207107985         0.042671410387233
          6.40742951367863        0.0426303259586059
          6.41103831655877         0.042040935913253
           6.4146471194389        0.0442126420102796
          6.41825592231903        0.0411959449423788
          6.42186472519917        0.0417454187559276
           6.4254735280793        0.0403139732514485
          6.42908233095944        0.0419758499232037
          6.43269113383957        0.0383645368400234
          6.43629993671971        0.0405258418159379
          6.43990873959984        0.0428920769167488
          6.44351754247997        0.0415192459451359
          6.44712634536011        0.0412897537709849
          6.45073514824024        0.0413624388628677
          6.45434395112038         0.043529048977586
          6.45795275400051         0.041299139553554
          6.46156155688065        0.0423507520025112
          6.46517035976078        0.0423166170384151
          6.46877916264092         0.039898242544456
          6.47238796552105        0.0406239987395112
          6.47599676840118        0.0416859854064179
          6.47960557128132        0.0441038899819396
          6.48321437416145        0.0408199755379236
          6.48682317704159        0.0413641316242486
          6.49043197992172        0.0417858661684098
          6.49404078280186        0.0404839406631449
          6.49764958568199        0.0425287398280208
          6.50125838856213        0.0409363460518454
          6.50486719144226        0.0434307830643344
          6.50847599432239        0.0443546211124792
          6.51208479720253        0.0393298476981939
          6.51569360008266        0.0432420490775212
           6.5193024029628        0.0436151961148277
          6.52291120584293        0.0432605446943627
          6.52652000872307        0.0410074648204005
           6.5301288116032         0.041542160754219
          6.53373761448333        0.0425458923472316
          6.53734641736347        0.0443652137550623
           6.5409552202436        0.0412419218023118
          6.54456402312374         0.038655983915311
          6.54817282600387         0.037793801161465
          6.55178162888401         0.040278806902831
          6.55539043176414        0.0409453058564593
          6.55899923464428        0.0390512178219725
          6.56260803752441        0.0408987959791318
          6.56621684040455        0.0435012727611629
          6.56982564328468        0.0448171032450531
          6.57343444616481        0.0398048340523483
          6.57704324904495        0.0419326551335196
          6.58065205192508        0.0433451275622373
          6.58426085480522        0.0396861150506377
          6.58786965768535        0.0378642050693685
          6.59147846056548        0.0422025901695549
          6.59508726344562        0.0388208022391007
          6.59869606632575        0.0410942578100312
          6.60230486920589         0.040337484730925
          6.60591367208602        0.0432486698626244
          6.60952247496616        0.0383399873271988
          6.61313127784629        0.0483843533247658
          6.61674008072643        0.0424452016086063
          6.62034888360656        0.0392743456697057
          6.62395768648669         0.041557823669935
          6.62756648936683         0.042694264807231
          6.63117529224696        0.0422845541933491
           6.6347840951271        0.0423654537166802
          6.63839289800723        0.0447777271253646
          6.64200170088737        0.0419294153828483
           6.6456105037675        0.0440360040942936
          6.64921930664764        0.0443234997936722
          6.65282810952777        0.0403248394480013
          6.65643691240791        0.0405108836851069
          6.66004571528804        0.0387071328824112
          6.66365451816817        0.0396242979047492
          6.66726332104831        0.0388284001712782
          6.67087212392844        0.0378249608310394
          6.67448092680858        0.0392816154678096
          6.67808972968871        0.0444488145734012
          6.68169853256884         0.040768519491962
          6.68530733544898        0.0442134543817966
          6.68891613832911        0.0360587564266773
          6.69252494120925        0.0363478864069709
          6.69613374408938        0.0408790243063043
          6.69974254696952        0.0410331882700949
          6.70335134984965        0.0402177833670788