          0.04511003600168          19.8485700811926
         0.063154050402352           25.056045320105
        0.0739804590427552          15.7150826029678
        0.0884156705632928          41.1246214318962
        0.0956332763235617          23.6392320801657
         0.106459684963965           17.067422079502
         0.124503699364637          19.9622217904011
         0.131721305124906           22.418886777005
         0.138938910885174          21.4008633610734
         0.142547713765309          18.2939951662603
         0.149765319525578          19.3796493806141
         0.156982925285846          26.1675337794114
         0.164200531046115          26.9905497398098
         0.175026939686519           20.570248513551
         0.178635742566653           23.663787903503
         0.185853348326922          25.5348413965209
         0.189462151207056          17.2707328906315
         0.193070954087191          21.2912752282867
         0.200288559847459          26.6464913856934
         0.203897362727594           21.667930500663
         0.211114968487863          21.5408321372207
         0.218332574248131          24.5471310148945
         0.221941377128266           23.850884997911
           0.2255501800084           16.766350017247
         0.232767785768669          21.9790814729361
         0.236376588648803           19.600234107846
         0.247202997289207          16.1072561055892
         0.250811800169341           19.830842601418
         0.254420603049475          24.5031409481625
          0.25802940592961          18.3108758784008
         0.261638208809744          27.4636457400672
         0.265247011689879          20.9515442978037
         0.268855814570013          20.8502382298599
         0.276073420330282          21.6312058784841
         0.279682223210416          19.0769467308337
         0.283291026090551          18.3967862160713
         0.286899828970685          17.6317315817739
         0.290508631850819           18.463888275604
         0.294117434730954          25.4728250960983
         0.301335040491223          28.7679538424808
         0.304943843371357          20.2526318168971
         0.308552646251491          16.5949640670427
         0.312161449131626          23.8615764707973
          0.31577025201176          18.0493304975003
         0.319379054891895          17.9030628091342
         0.326596660652163          19.8824041137556
         0.330205463532298          24.5253899668882
         0.333814266412432            19.30301521354
         0.337423069292567          20.6201718274141
         0.341031872172701          20.7488599257469
          0.34824947793297          20.0025061433314
         0.351858280813104          17.6834656131542
         0.355467083693239          19.5135786330704
         0.359075886573373          19.0407308187634
         0.362684689453507          17.0316371093448
         0.369902295213776          21.2640485103907
         0.373511098093911          18.3331326607967
         0.377119900974045          17.6355749619116
         0.380728703854179           16.430077097798
         0.384337506734314          12.2698083898575
         0.387946309614448          12.8868594590921
         0.391555112494583          18.0653265813383
         0.395163915374717          20.2567955245604
         0.398772718254851          17.9197545103424
         0.402381521134986          18.7974625116176
          0.40599032401512           10.634205706242
         0.409599126895255          17.7792214184417
         0.413207929775389          15.9839187392913
         0.416816732655523          17.0699136846936
         0.420425535535658          17.5047108236239
         0.424034338415792          16.8490300229426
         0.427643141295927           19.418408982225
         0.431251944176061          17.9304365444471
         0.434860747056195          17.1853552780509
          0.43846954993633          14.2660636397655
         0.442078352816464          16.9530265422819
         0.445687155696599          16.8140652702204
         0.449295958576733          17.0820208124289
         0.452904761456867          17.2536304164769
         0.456513564337002          16.8086275597183
         0.460122367217136          14.8147035604079
         0.463731170097271          15.7360799125864
         0.467339972977405          15.5152730048258
         0.470948775857539          14.4786468920402
         0.474557578737674          18.8071012254171
         0.478166381617808          16.5304065390011
         0.481775184497943          18.1921089176237
         0.485383987378077          15.3541437993746
         0.488992790258211          16.4375268825127
         0.492601593138346          16.9334681602081
          0.49621039601848          16.3809907329144
         0.499819198898615          14.1623282999463
         0.503428001778749          15.2905586844314
         0.507036804658883          15.0255705479647
         0.510645607539018          15.3227444337373
         0.514254410419152          14.2698543586527
         0.517863213299287          19.1238220710287
         0.521472016179421           12.685741714988
         0.525080819059556           15.272751348244
          0.52868962193969           13.329322750127
         0.532298424819824          15.9013217321747
         0.535907227699959          14.9467279762932
         0.539516030580093          13.9816822241999
         0.543124833460227          12.8478277066412
         0.546733636340362           14.444782561013
         0.550342439220496          14.4943558957271
         0.553951242100631          14.0081123513797
         0.557560044980765          15.0276139523127
         0.561168847860899          13.4916964558197
         0.564777650741034          15.5286437911838
         0.568386453621168          12.8886730296221
         0.571995256501303          12.8727664587999
         0.575604059381437          10.7357321963456
         0.579212862261572          12.2875166706695
         0.582821665141706          12.9191099146332
          0.58643046802184          13.3808717305287
         0.590039270901975          12.3145147267569
         0.593648073782109          12.0430060404466
         0.597256876662243          12.4047251168423
         0.600865679542378          10.9351509493764
         0.604474482422512          13.2838333060488
         0.608083285302647          13.0648801961003
         0.611692088182781          13.8361891768401
         0.615300891062916          11.8548395473433
          0.61890969394305          12.0046511029206
         0.622518496823184          13.5632518527953
         0.626127299703319          11.1874596916039
         0.629736102583453          11.0355603404506
         0.633344905463587          12.4918426783297
         0.636953708343722          12.5797229068639
         0.640562511223856          11.8693246674077
         0.644171314103991           11.025158144006
         0.647780116984125          11.7361385638681
          0.65138891986426          11.8714508071699
         0.654997722744394          11.9370336889737
         0.658606525624528           10.841805095435
         0.662215328504663          11.4880880489315
         0.665824131384797          10.9580897093723
         0.669432934264932          9.64640273794925
         0.673041737145066          10.2614966579114
           0.6766505400252          11.5825052379463
         0.680259342905335          10.1846714444765
         0.683868145785469          9.47762442954927
         0.687476948665604          10.8416145033379
         0.691085751545738          10.4715144372954
         0.694694554425872          10.7443381254604
         0.698303357306007          10.1891602789378
         0.701912160186141          9.69162878345319
         0.705520963066276          10.6046979954878
          0.70912976594641          9.96284863500995
         0.712738568826544          9.83830744187822
         0.716347371706679          10.5193234027034
         0.719956174586813          10.0511196525481
         0.723564977466947          9.66115170753656
         0.727173780347082          9.79120236875502
         0.730782583227216          8.98085001140788
         0.734391386107351          9.17875161389571
         0.738000188987485          8.61635082866525
          0.74160899186762          9.34351443304081
         0.745217794747754          9.97075413246736
         0.748826597627889           9.4253396558482
         0.752435400508023          8.61391772974271
         0.756044203388157          8.59161413452842
         0.759653006268292          9.28970568070212
         0.763261809148426          8.03786688457494
          0.76687061202856          8.79591796874282
         0.770479414908695          8.67336176942742
         0.774088217788829          8.39933984001383
         0.777697020668964          8.61106582577164
         0.781305823549098          8.42406720134388
         0.784914626429232           8.6037023673877
         0.788523429309367          8.63059315971282
         0.792132232189501          9.15724627752188
         0.795741035069636          9.21492343790055
          0.79934983794977          8.04414766820354
         0.802958640829904          8.20250941904938
         0.806567443710039          8.13753839349676
         0.810176246590173          7.66258205451629
         0.813785049470308           7.6210178999486
         0.817393852350442          7.91466398815488
         0.821002655230576          7.20410996538797
         0.824611458110711          7.46546359800886
         0.828220260990845          7.79301833657166
          0.83182906387098          7.06849703054122
         0.835437866751114          7.64887187526022
         0.839046669631249          6.91922231690466
         0.842655472511383          7.46028273833867
         0.846264275391517          7.21192598868888
         0.849873078271652          6.69928771630107
         0.853481881151786           7.2016925441211
          0.85709068403192          7.00357826701376
         0.860699486912055           7.4924289420231
         0.864308289792189          6.72274759253398
         0.867917092672324          6.25074108800601
         0.871525895552458          6.75655854707928
         0.875134698432593          7.07245843211963
         0.878743501312727          6.58379021293922
         0.882352304192861          6.77763296699151
         0.885961107072996          6.38019101149222
          0.88956990995313          6.32589277847548
         0.893178712833264          6.21929315833075
         0.896787515713399           6.0656027507787
         0.900396318593533          6.66484068745728
         0.904005121473668          6.06190189848582
         0.907613924353802          6.22370402979539
         0.911222727233936          6.05877358653586
         0.914831530114071          6.09160306074671
         0.918440332994205          6.43050700648948
          0.92204913587434          6.11964145964333
         0.925657938754474          6.20510395788489
         0.929266741634609          5.76263669323407
         0.932875544514743          6.09488713094128
         0.936484347394877          5.81152805428074
         0.940093150275012          5.70055476041475
         0.943701953155146          5.32439423158491
          0.94731075603528          5.57079326936892
         0.950919558915415          6.23034561756576
         0.954528361795549          5.64851172828635
         0.958137164675684          5.36118733723446
         0.961745967555818          5.35192000219293
         0.965354770435953           5.4413231414118
         0.968963573316087          5.36166959841285
         0.972572376196221          5.78241887805151
         0.976181179076356          4.88564641804653
          0.97978998195649          5.42323268613771
         0.983398784836624           5.3419941088182
         0.987007587716759          5.30191512642034
         0.990616390596893          5.18117865542225
         0.994225193477028          5.27236075126681
         0.997833996357162          4.75146902426981
           1.0014427992373          4.93217173844711
          1.00505160211743          4.87833645236438
          1.00866040499757          4.69892137637857
           1.0122692078777          4.86838533584615
          1.01587801075783          4.76878117392099
          1.01948681363797           4.5251560084278
           1.0230956165181          4.82812055004541
          1.02670441939824          4.75066702495136
          1.03031322227837           4.6804135774031
          1.03392202515851          4.20575592152059
          1.03753082803864          4.44183816821679
          1.04113963091877           4.5090294699574
          1.04474843379891          4.40872145119324
          1.04835723667904          4.48464983804073
          1.05196603955918          4.34472535063475
          1.05557484243931          4.52412183631653
          1.05918364531945          4.43160698391582
          1.06279244819958          4.03088470496651
          1.06640125107972          4.20196004391876
          1.07001005395985          4.38938060071454
          1.07361885683998          4.25024132750981
          1.07722765972012          4.21495132671657
          1.08083646260025          4.20003267168282
          1.08444526548039           3.8376675079977
          1.08805406836052          3.86011938672493
          1.09166287124066          3.91600289662087
          1.09527167412079          3.84025476986441
          1.09888047700093           3.8448242816108
          1.10248927988106          3.57021033322025
          1.10609808276119          3.80571488790951
          1.10970688564133          3.87200763691378
          1.11331568852146          3.56466291237485
           1.1169244914016          3.68431073032321
          1.12053329428173          3.52588192932821
          1.12414209716187          3.70837767574762
            1.127750900042           3.5315525797712
          1.13135970292214          3.27517983029666
          1.13496850580227          3.48305854831942
           1.1385773086824            3.396736617961
          1.14218611156254          3.44664701283652
          1.14579491444267          3.25570783942859
          1.14940371732281          3.11635500421302
          1.15301252020294          3.42538698278131
          1.15662132308308          3.29779444419827
          1.16023012596321          3.24716126378239
          1.16383892884334          3.07360449721808
          1.16744773172348          3.35218752121096
          1.17105653460361          3.16267951843301
          1.17466533748375          3.13963175240127
          1.17827414036388          3.01735790740146
          1.18188294324402          3.12204385332645
          1.18549174612415           2.9989185144217
          1.18910054900429          3.04363334952627
          1.19270935188442           3.1500454125005
          1.19631815476455          3.06070946565007
          1.19992695764469          2.94503882318591
          1.20353576052482           2.7506091200548
          1.20714456340496          2.86024209864424
          1.21075336628509          2.73760301341541
          1.21436216916523          2.84479322095127
          1.21797097204536          2.78340780916272
           1.2215797749255          2.84029158699454
          1.22518857780563          2.66795255449607
          1.22879738068576          2.82122501582858
           1.2324061835659           2.4999701842662
          1.23601498644603          2.57075809192314
          1.23962378932617          2.67538118166017
           1.2432325922063          2.71074273298099
          1.24684139508644          2.68074047425899
          1.25045019796657          2.56518635032584
           1.2540590008467          2.70125611499619
          1.25766780372684          2.53347938572955
          1.26127660660697          2.45159871576942
          1.26488540948711          2.35438250501627
          1.26849421236724          2.46205214990806
          1.27210301524738          2.43386265348096
          1.27571181812751           2.4477127986058
          1.27932062100765          2.50491454517349
          1.28292942388778          2.37849014621289
          1.28653822676791          2.47467029781064
          1.29014702964805          2.27499852791924
          1.29375583252818          2.27397561541317
          1.29736463540832          2.26009746879004
          1.30097343828845          2.21903159022008
          1.30458224116859          2.21589249234585
          1.30819104404872           2.1454174567942
          1.31179984692886          2.20798970061944
          1.31540864980899          2.32496894586691
          1.31901745268912          2.29413513071506
          1.32262625556926          2.09683125157904
          1.32623505844939          2.19530958580278
          1.32984386132953          2.08800638051866
          1.33345266420966          1.95177265631676
           1.3370614670898          2.04718821222078
          1.34067026996993          2.03451019504572
          1.34427907285006           2.0227266447241
           1.3478878757302          2.00561236486638
          1.35149667861033          1.97073836486454
          1.35510548149047          2.00113822878232
           1.3587142843706           1.8921070701824
          1.36232308725074           1.9288995058766
          1.36593189013087          1.96198139758955
          1.36954069301101          1.92143852806852
          1.37314949589114          1.78418248166425
          1.37675829877127          1.86462328000959
          1.38036710165141          1.77773791247342
          1.38397590453154          1.88904766737716
          1.38758470741168          1.83407883938089
          1.39119351029181          1.81883192479856
          1.39480231317195          1.88476957854545
          1.39841111605208          1.76134108432934
          1.40201991893222          1.77289829912635
          1.40562872181235          1.66748873361676
          1.40923752469248          1.76965009280776
          1.41284632757262          1.75577176172013
          1.41645513045275          1.66195365967108
          1.42006393333289          1.82112366939105
          1.42367273621302          1.68018454026605
          1.42728153909316          1.59378772816206
          1.43089034197329          1.71544295818932
          1.43449914485342          1.61544986995152
          1.43810794773356          1.60454140785382
          1.44171675061369          1.53315948356652
          1.44532555349383          1.54755253937646
          1.44893435637396          1.57824093256195
           1.4525431592541          1.56153715492358
          1.45615196213423          1.55209816527076
          1.45976076501437          1.58886973404443
           1.4633695678945          1.46068540690256
          1.46697837077463           1.5700892906376
          1.47058717365477          1.43123168720878
           1.4741959765349           1.4784291637664
          1.47780477941504          1.49817544001927
          1.48141358229517          1.43387392396033
          1.48502238517531          1.39761766307074
          1.48863118805544          1.37051079354374
          1.49223999093558          1.40603558179888
          1.49584879381571          1.43171262244986
          1.49945759669584          1.44062946566157
          1.50306639957598          1.33174426767658
          1.50667520245611           1.3890178336144
          1.51028400533625          1.38368879979158
          1.51389280821638          1.31707214287546
          1.51750161109652          1.29947433801572
          1.52111041397665          1.29255818459074
          1.52471921685678          1.27103745801498
          1.52832801973692          1.32878180787365
          1.53193682261705          1.45021969498351
          1.53554562549719          1.27440269545811
          1.53915442837732          1.24838155769143
          1.54276323125746          1.24822260892771
          1.54637203413759          1.25149188555908
          1.54998083701773          1.25484564538194
          1.55358963989786          1.27098612062476
          1.55719844277799          1.23833785442716
          1.56080724565813          1.17978211644866
          1.56441604853826          1.20068703757033
           1.5680248514184          1.12342462416469
          1.57163365429853          1.23454351678025
          1.57524245717867           1.1988451982036
           1.5788512600588          1.13402448717904
          1.58246006293893           1.1747626502682
          1.58606886581907          1.10730106623896
           1.5896776686992          1.11233569094128
          1.59328647157934          1.08903845748681
          1.59689527445947          1.08530065667888
          1.60050407733961          1.11525080242603
          1.60411288021974          1.02841724042421
          1.60772168309988          1.07959057900188
          1.61133048598001          1.12358851304631
          1.61493928886015          1.03410914952103
          1.61854809174028          1.08238079174146
          1.62215689462041          1.04019002713361
          1.62576569750055           1.0684447542275
          1.62937450038068          1.01323533828109
          1.63298330326082         0.999832730022315
          1.63659210614095         0.983276915612402
          1.64020090902109          1.02471957532301
          1.64380971190122          1.01097488295191
          1.64741851478135         0.981978220452224
          1.65102731766149         0.997463217542847
          1.65463612054162         0.983314712057016
          1.65824492342176         0.920680921390721
          1.66185372630189         0.983839109740377
          1.66546252918203         0.937277024936446
          1.66907133206216         0.938167598283276
           1.6726801349423         0.916941504325707
          1.67628893782243         0.915205333802738
          1.67989774070256         0.919590459772115
           1.6835065435827         0.921564794232931
          1.68711534646283         0.915431036853182
          1.69072414934297         0.891771154772022
           1.6943329522231         0.862540271982764
          1.69794175510324         0.890389664793197
          1.70155055798337         0.866575399603048
           1.7051593608635         0.840662589042267
          1.70876816374364         0.856003427511429
          1.71237696662377          0.86232493423669
          1.71598576950391         0.879992110401856
          1.71959457238404         0.822539155399036
          1.72320337526418         0.798486878939971
          1.72681217814431         0.815241059436495
          1.73042098102445         0.814531592650133
          1.73402978390458         0.832382301155417
          1.73763858678471         0.819726920829205
          1.74124738966485         0.799076884082155
          1.74485619254498         0.774706376209939
          1.74846499542512         0.757357545751246
          1.75207379830525         0.766334457051709
          1.75568260118539         0.773633340019221
          1.75929140406552          0.77518962412692
          1.76290020694566         0.775448201860013
          1.76650900982579         0.735713882866302
          1.77011781270592         0.741880582083439
          1.77372661558606         0.762131035203884
          1.77733541846619          0.72313218156948
          1.78094422134633         0.735724059918268
          1.78455302422646         0.759809344120743
           1.7881618271066         0.709950584841109
          1.79177062998673         0.707598885848197
          1.79537943286686         0.698018100812027
            1.798988235747         0.720438488005663
          1.80259703862713         0.707341592758013
          1.80620584150727         0.703155073693477
           1.8098146443874         0.654816078987716
          1.81342344726754         0.703002528370312
          1.81703225014767          0.63461273428519
          1.82064105302781         0.643174743246082
          1.82424985590794         0.677780231973994
          1.82785865878807         0.663014726037184
          1.83146746166821         0.669463283714688
          1.83507626454834         0.648761516998004
          1.83868506742848         0.625267222086389
          1.84229387030861          0.69412209907251
          1.84590267318875         0.649983345715067
          1.84951147606888         0.645905123681757
          1.85312027894902         0.629263863503797
          1.85672908182915         0.642094409583938
          1.86033788470928         0.610416074608979
          1.86394668758942         0.606059003709018
          1.86755549046955         0.614379012926091
          1.87116429334969         0.608554369402436
          1.87477309622982         0.606152606853068
          1.87838189910996         0.593016227921887
          1.88199070199009         0.605631797782102
          1.88559950487022         0.600181019270356
          1.88920830775036         0.609022764585458
          1.89281711063049         0.584930917603444
          1.89642591351063         0.590588437472063
          1.90003471639076         0.582464557938995
           1.9036435192709         0.558526521855849
          1.90725232215103         0.550968072269059
          1.91086112503117         0.548251867910474
           1.9144699279113         0.557364023971946
          1.91807873079143         0.553603175400395
          1.92168753367157         0.532882498511935
           1.9252963365517         0.556376923749311
          1.92890513943184         0.550468435698085
          1.93251394231197         0.525117851638066
          1.93612274519211         0.539618853925672
          1.93973154807224         0.548560158188197
          1.94334035095238         0.515690338074256
          1.94694915383251         0.555385766961636
          1.95055795671264         0.522404819247079
          1.95416675959278         0.511172954852942
          1.95777556247291         0.515939844980363
          1.96138436535305         0.510442246048759
          1.96499316823318         0.522791195503001
          1.96860197111332         0.508487096013704
          1.97221077399345         0.481779322880114
          1.97581957687359           0.4858912707894
          1.97942837975372         0.485575029488261
          1.98303718263385         0.486302228978625
          1.98664598551399         0.477150828327037
          1.99025478839412           0.4866651977235
          1.99386359127426         0.469660137584709
          1.99747239415439         0.471534243307922
          2.00108119703453          0.46224925135787
          2.00468999991466         0.486550907338745
          2.00829880279479         0.469933395179424
          2.01190760567493         0.466639732751342
          2.01551640855506         0.475911013810729
           2.0191252114352         0.468192179643088
          2.02273401431533         0.465137615207239
          2.02634281719547         0.445969020790545
           2.0299516200756         0.461225923827495
          2.03356042295574         0.449504022047939
          2.03716922583587         0.440793747725523
            2.040778028716         0.447458967570953
          2.04438683159614         0.437918369201339
          2.04799563447627         0.440964926879464
          2.05160443735641          0.43151396080908
          2.05521324023654         0.448740928380945
          2.05882204311668         0.429595657414072
          2.06243084599681         0.421540673711698
          2.06603964887695          0.41659063891568
          2.06964845175708         0.404721904917842
          2.07325725463721         0.421537822851693
          2.07686605751735          0.41398316142372
          2.08047486039748         0.417939576668818
          2.08408366327762         0.401398348465733
          2.08769246615775         0.410316834767887
          2.09130126903789         0.394976824991101
          2.09491007191802         0.391284686729167
          2.09851887479815         0.419667915081972
          2.10212767767829         0.393558551181589
          2.10573648055842         0.399080904157059
          2.10934528343856         0.407436661155202
          2.11295408631869         0.389885175711205
          2.11656288919883         0.393995316807104
          2.12017169207896         0.390424436272339
           2.1237804949591         0.385155984775711
          2.12738929783923         0.374992525706247
          2.13099810071936         0.370113105393362
           2.1346069035995         0.368967534839116
          2.13821570647963         0.379548006258003
          2.14182450935977         0.363784825817725
           2.1454333122399         0.349649816776884
          2.14904211512004         0.367986098270571
          2.15265091800017         0.362651929848123
           2.1562597208803         0.362527632218803
          2.15986852376044         0.349175166382431
          2.16347732664057         0.360995756790589
          2.16708612952071         0.345213791304655
          2.17069493240084         0.350006758372047
          2.17430373528098         0.350853439493319
          2.17791253816111         0.349495329070759
          2.18152134104125         0.343150740523916
          2.18513014392138         0.347548696088235
          2.18873894680151         0.337620138583149
          2.19234774968165          0.33609352800897
          2.19595655256178         0.343769589888664
          2.19956535544192         0.341916988131733
          2.20317415832205         0.330338537250472
          2.20678296120219         0.334782115173637
          2.21039176408232         0.326215651181837
          2.21400056696246         0.334739792389369
          2.21760936984259         0.327073505337893
          2.22121817272272         0.323966047959318
          2.22482697560286         0.332632611293797
          2.22843577848299         0.317741849190008
          2.23204458136313           0.3121678172006
          2.23565338424326         0.306305858543005
           2.2392621871234         0.311698881910151
          2.24287099000353         0.310393380230708
          2.24647979288367          0.30609805405431
           2.2500885957638         0.303036897132124
          2.25369739864393         0.309542173172535
          2.25730620152407         0.311762136579254
           2.2609150044042         0.306731527970256
          2.26452380728434         0.292931571625523
          2.26813261016447         0.300146017227313
          2.27174141304461         0.299875079183067
          2.27535021592474         0.301832090686006
          2.27895901880487         0.302113947397962
          2.28256782168501          0.28900244832683
          2.28617662456514         0.288844523865792
          2.28978542744528         0.281834952543033
          2.29339423032541         0.293333139003008
          2.29700303320555         0.283003768977424
          2.30061183608568         0.289069482270972
          2.30422063896582         0.286967989698229
          2.30782944184595          0.28495463512965
          2.31143824472608         0.278819411408536
          2.31504704760622         0.279844085127163
          2.31865585048635          0.27518883953687
          2.32226465336649         0.280439139704024
          2.32587345624662         0.269768513056991
          2.32948225912676         0.274465294138538
          2.33309106200689         0.270919514241975
          2.33669986488703         0.264698522059118
          2.34030866776716         0.265091121354862
          2.34391747064729         0.262558121752925
          2.34752627352743         0.271156693134238
          2.35113507640756         0.263661727528497
           2.3547438792877         0.264328131373931
          2.35835268216783         0.262935785239903
          2.36196148504797         0.262634951968323
           2.3655702879281         0.254074084119844
          2.36917909080823         0.261741364016329
          2.37278789368837         0.253885844088287
           2.3763966965685         0.248316223098654
          2.38000549944864         0.245459727813637
          2.38361430232877         0.256006551357033
          2.38722310520891         0.241832670776455
          2.39083190808904         0.252157869611858
          2.39444071096918         0.251491067025503
          2.39804951384931         0.246337123232655
          2.40165831672944         0.242240308293341
          2.40526711960958         0.244501532355266
          2.40887592248971         0.242433491427112
          2.41248472536985         0.236032052146037
          2.41609352824998         0.247389848186732
          2.41970233113012         0.231777782470476
          2.42331113401025         0.227268935235495
          2.42691993689039         0.228127211592763
          2.43052873977052         0.231673411705373
          2.43413754265065         0.234451964825285
          2.43774634553079         0.239099821797483
          2.44135514841092         0.231139693297367
          2.44496395129106         0.233045673293825
          2.44857275417119         0.229784359058883
          2.45218155705133         0.226043096838687
          2.45579035993146         0.223491479123844
          2.45939916281159         0.229149757855053
          2.46300796569173         0.222757393664721
          2.46661676857186         0.224794208948443
            2.470225571452         0.222245276208349
          2.47383437433213         0.212461269645358
          2.47744317721227         0.219223488932362
           2.4810519800924         0.216058635420917
          2.48466078297254         0.219430494306011
          2.48826958585267         0.214019292888378
           2.4918783887328         0.211834070120328
          2.49548719161294         0.207844477319391
          2.49909599449307         0.214658799392834
          2.50270479737321         0.210082817985347
          2.50631360025334         0.209580359703256
          2.50992240313348         0.207213851460173
          2.51353120601361         0.204585043733179
          2.51714000889375         0.200632032997441
          2.52074881177388         0.207405298259236
          2.52435761465401         0.200642730380619
          2.52796641753415         0.203751548874584
          2.53157522041428         0.201609998213908
          2.53518402329442         0.201322047514162
          2.53879282617455         0.198565472484007
          2.54240162905469         0.199449594049678
          2.54601043193482         0.199384694746473
          2.54961923481495          0.19840737656147
          2.55322803769509         0.193302593585556
          2.55683684057522         0.191332861893385
          2.56044564345536         0.195941204258671
          2.56405444633549         0.192969139320795
          2.56766324921563         0.188404031886586
          2.57127205209576         0.191433960986218
           2.5748808549759         0.192314366227921
          2.57848965785603         0.187292233965978
          2.58209846073616         0.189480835384176
           2.5857072636163         0.190353761293078
          2.58931606649643         0.189839959322303
          2.59292486937657         0.189181560540748
           2.5965336722567         0.185748215567205
          2.60014247513684         0.184756263106533
          2.60375127801697          0.18898428902019
          2.60736008089711         0.186672877006722
          2.61096888377724         0.182166873454605
          2.61457768665737           0.1796665656302
          2.61818648953751         0.184630450031027
          2.62179529241764         0.178676869043206
          2.62540409529778         0.180301097653035
          2.62901289817791         0.180583952395209
          2.63262170105805         0.174366267616039
          2.63623050393818         0.173921197843106
          2.63983930681832         0.175169125744163
          2.64344810969845         0.177994195581075
          2.64705691257858         0.177843012057591
          2.65066571545872         0.175132369478143
          2.65427451833885         0.169972714238245
          2.65788332121899         0.170192495263744
          2.66149212409912         0.174363015381755
          2.66510092697926         0.170904822055016
          2.66870972985939         0.170008646135793
          2.67231853273952          0.16878808518551
          2.67592733561966         0.170787121405074
          2.67953613849979         0.163805402895504
          2.68314494137993         0.163892746151137
          2.68675374426006         0.164076272719162
           2.6903625471402          0.16727094582257
          2.69397135002033         0.160589079464735
          2.69758015290047         0.162797482711498
           2.7011889557806         0.163526107513527
          2.70479775866073         0.161983715272178
          2.70840656154087         0.164154148632568
            2.712015364421         0.158561440977151
          2.71562416730114         0.156880778457276
          2.71923297018127         0.158030935217817
          2.72284177306141         0.163696877847614
          2.72645057594154         0.156982557883037
          2.73005937882167         0.156864528296041
          2.73366818170181          0.15549924270912
          2.73727698458194         0.155012800439358
          2.74088578746208         0.156700055426304
          2.74449459034221         0.154250005601095
          2.74810339322235         0.155984764916049
          2.75171219610248         0.149740126368452
          2.75532099898262         0.152359882141329
          2.75892980186275         0.149020026154011
          2.76253860474288         0.149853249901038
          2.76614740762302         0.147701319257376
          2.76975621050315          0.14739192482966
          2.77336501338329         0.148000991734297
          2.77697381626342         0.152251916896498
          2.78058261914356         0.148824536115209
          2.78419142202369         0.145766920205498
          2.78780022490383         0.145133684017672
          2.79140902778396         0.145908921646769
          2.79501783066409         0.145216809341166
          2.79862663354423         0.145308479188239
          2.80223543642436          0.14335329007903
           2.8058442393045         0.144668656512462
          2.80945304218463         0.143508006928285
          2.81306184506477         0.141238667720794
           2.8166706479449         0.141552628167479
          2.82027945082503         0.143085879284751
          2.82388825370517         0.139661834648341
           2.8274970565853         0.142224165954823
          2.83110585946544          0.13979803647661
          2.83471466234557         0.140770218425647
          2.83832346522571         0.135793261289735
          2.84193226810584         0.134328772406401
          2.84554107098598         0.138270379093578
          2.84914987386611         0.138158260024172
          2.85275867674624         0.138667806012512
          2.85636747962638         0.133989101729145
          2.85997628250651         0.133587897510289
          2.86358508538665         0.137676955742578
          2.86719388826678         0.134106863814331
          2.87080269114692         0.135325424409649
          2.87441149402705         0.136816600307906
          2.87802029690719          0.13609185963719
          2.88162909978732          0.13182624187503
          2.88523790266745         0.133687010819109
          2.88884670554759         0.129336783480778
          2.89245550842772         0.133693843506888
          2.89606431130786         0.127577526817784
          2.89967311418799         0.131202650132006
          2.90328191706813          0.12953846547295
          2.90689071994826         0.127647082592792
          2.91049952282839         0.129580354570477
          2.91410832570853         0.128731361059207
          2.91771712858866         0.127765672391842
           2.9213259314688         0.126164806262641
          2.92493473434893         0.128476777030954
          2.92854353722907         0.122877123101145
           2.9321523401092         0.128289590388393
          2.93576114298934         0.124797949289299
          2.93936994586947         0.125251517428751
           2.9429787487496         0.126880432285372
          2.94658755162974         0.121255380873697
          2.95019635450987         0.123529367768988
          2.95380515739001         0.123606822749396
          2.95741396027014         0.124553005872676
          2.96102276315028         0.125211698622379
          2.96463156603041         0.124163967053644
          2.96824036891055         0.121441337933877
          2.97184917179068         0.121196081546825
          2.97545797467081          0.12013805982952
          2.97906677755095         0.119390000597052
          2.98267558043108         0.119050240423639
          2.98628438331122         0.120076838596801
          2.98989318619135         0.115317583289844
          2.99350198907149         0.118774036041192
          2.99711079195162         0.115800149407313
          3.00071959483176         0.118936926869681
          3.00432839771189         0.118767392537698
          3.00793720059202         0.118022409325512
          3.01154600347216         0.116936603121264
          3.01515480635229          0.11515698109397
          3.01876360923243         0.112422120654617
          3.02237241211256         0.113114157510772
           3.0259812149927         0.116776356178926
          3.02959001787283         0.118012103428764
          3.03319882075296         0.114800485401405
           3.0368076236331          0.11456346269495
          3.04041642651323         0.114778248058186
          3.04402522939337         0.116331227420718
           3.0476340322735         0.113012558592578
          3.05124283515364         0.113605548871916
          3.05485163803377         0.113858328504497
          3.05846044091391         0.111200479735387
          3.06206924379404          0.11117451834125
          3.06567804667417         0.110551089110163
          3.06928684955431         0.111211170228772
          3.07289565243444         0.110935859311117
          3.07650445531458         0.112302147844422
          3.08011325819471         0.110736444916265
          3.08372206107485         0.111922677864356
          3.08733086395498         0.107617418923222
          3.09093966683511         0.110782279007188
          3.09454846971525         0.110612797469964
          3.09815727259538         0.106647630484819
          3.10176607547552         0.107169370611407
          3.10537487835565         0.106702740765734
          3.10898368123579         0.107681025135954
          3.11259248411592         0.104278471328349
          3.11620128699606         0.105922159658766
          3.11981008987619         0.105265313223981
          3.12341889275632         0.103939423728145
          3.12702769563646         0.105294143403695
          3.13063649851659         0.107368767566797
          3.13424530139673         0.105319856862817
          3.13785410427686         0.103310980411302
            3.141462907157          0.10569043365028
          3.14507171003713         0.102429562247859
          3.14868051291727         0.102219379219317
           3.1522893157974         0.104699745586482
          3.15589811867753         0.105840065781925
          3.15950692155767         0.101912036246671
           3.1631157244378         0.103168390123229
          3.16672452731794         0.100626075647359
          3.17033333019807         0.101705344468123
          3.17394213307821         0.105146181823439
          3.17755093595834         0.103256838070446
          3.18115973883848         0.100814867185118
          3.18476854171861         0.101196580719458
          3.18837734459874         0.103030721000725
          3.19198614747888        0.0978420493377762
          3.19559495035901        0.0997164782954919
          3.19920375323915         0.100009332317898
          3.20281255611928         0.100104263674269
          3.20642135899942        0.0984722706693601
          3.21003016187955        0.0991243860426835
          3.21363896475968           0.1007035794545
          3.21724776763982         0.100061196059145
          3.22085657051995         0.099752905136952
          3.22446537340009         0.101085894577955
          3.22807417628022        0.0959013738080358
          3.23168297916036        0.0944295294519912
          3.23529178204049         0.102102768746815
          3.23890058492063        0.0979312472122112
          3.24250938780076        0.0982109183429551
          3.24611819068089        0.0964074047429645
          3.24972699356103        0.0972005362047379
          3.25333579644116        0.0977716721702371
           3.2569445993213        0.0975660612123215
          3.26055340220143        0.0954615483979954
          3.26416220508157        0.0958663747675801
           3.2677710079617        0.0959643564078904
          3.27137981084184        0.0949612829139828
          3.27498861372197        0.0956141670020505
           3.2785974166021        0.0958736745710967
          3.28220621948224        0.0958092433951119
          3.28581502236237         0.093334270890312
          3.28942382524251        0.0927988574878676
          3.29303262812264          0.09658466381435
          3.29664143100278        0.0928805671473652
          3.30025023388291         0.095142228614491
          3.30385903676305        0.0938951063920733
          3.30746783964318        0.0913218780950144
          3.31107664252331        0.0933961084797863
          3.31468544540345        0.0925851326088679
          3.31829424828358        0.0916031195579704
          3.32190305116372        0.0913672966273175
          3.32551185404385         0.090065834612988
          3.32912065692399        0.0923201578097942
          3.33272945980412        0.0914436856923832
          3.33633826268425        0.0921491673679063
          3.33994706556439        0.0924673058889176
          3.34355586844452        0.0907581637384165
          3.34716467132466        0.0890876386189067
          3.35077347420479        0.0911078535387238
          3.35438227708493        0.0920128741658697
          3.35799107996506        0.0872021038704911
           3.3615998828452        0.0899956355398576
          3.36520868572533         0.089796448263922
          3.36881748860546        0.0890250085926836
           3.3724262914856        0.0878342017143345
          3.37603509436573        0.0887092112832755
          3.37964389724587        0.0883210432723584
            3.383252700126        0.0885574705288796
          3.38686150300614        0.0890791601758419
          3.39047030588627        0.0868642023256054
           3.3940791087664        0.0883771752136546
          3.39768791164654        0.0893883627250216
          3.40129671452667         0.088526789490544
          3.40490551740681        0.0876724942812951
          3.40851432028694        0.0874904672990431
          3.41212312316708        0.0865371054590117
          3.41573192604721        0.0856737287778939
          3.41934072892735         0.088264530933552
          3.42294953180748        0.0875595531979501
          3.42655833468761        0.0856779323517307
          3.43016713756775        0.0866954976987127
          3.43377594044788        0.0859589291431837
          3.43738474332802        0.0863266282155362
          3.44099354620815        0.0865000161016218
          3.44460234908829         0.085361122314113
          3.44821115196842        0.0853517814629635
          3.45181995484856        0.0864187208726537
          3.45542875772869        0.0867540212810697
          3.45903756060882        0.0840613154649165
          3.46264636348896        0.0842792513361825
          3.46625516636909        0.0866127568570582
          3.46986396924923        0.0829377006927258
          3.47347277212936        0.0839320110524204
           3.4770815750095        0.0845987706676891
          3.48069037788963        0.0849199196974798
          3.48429918076976        0.0840388769503655
           3.4879079836499        0.0838897943326359
          3.49151678653003        0.0836317098290254
          3.49512558941017          0.08352487363385
           3.4987343922903        0.0821607283756803
          3.50234319517044        0.0824131727224522
          3.50595199805057        0.0839635560640875
          3.50956080093071        0.0813387106814763
          3.51316960381084        0.0821968659526998
          3.51677840669097        0.0818837076183193
          3.52038720957111        0.0833460063908427
          3.52399601245124        0.0831350381323883
          3.52760481533138        0.0829299771216328
          3.53121361821151         0.080853251459153
          3.53482242109165        0.0820587268271349
          3.53843122397178          0.08069900831337
          3.54204002685191        0.0805656181215853
          3.54564882973205        0.0802228500500223
          3.54925763261218        0.0804530690491939
          3.55286643549232        0.0801384266723982
          3.55647523837245        0.0786558610239421
          3.56008404125259        0.0804519501751691
          3.56369284413272        0.0814925666497695
          3.56730164701286        0.0799535051105305
          3.57091044989299        0.0812195915610499
          3.57451925277313        0.0794151129937076
          3.57812805565326        0.0796171181345806
          3.58173685853339        0.0796256216840538
          3.58534566141353        0.0798946002066139
          3.58895446429366        0.0792168543502233
           3.5925632671738        0.0792623579269652
          3.59617207005393        0.0778154733032096
          3.59978087293407        0.0780390448771587
           3.6033896758142        0.0782971218797197
          3.60699847869433        0.0792225311959981
          3.61060728157447        0.0796335309549021
           3.6142160844546        0.0808447721896108
          3.61782488733474        0.0788166692820403
          3.62143369021487         0.077219537544983
          3.62504249309501        0.0777506239282262
          3.62865129597514        0.0792150271143026
          3.63226009885528        0.0762626393297334
          3.63586890173541        0.0761952272858606
          3.63947770461554         0.077250786749292
          3.64308650749568        0.0752630106045075
          3.64669531037581         0.076508210500435
          3.65030411325595        0.0762277122173177
          3.65391291613608        0.0792555311400433
          3.65752171901622        0.0773760475234144
          3.66113052189635          0.07553118230079
          3.66473932477649        0.0758744561763973
          3.66834812765662         0.076096364934256
          3.67195693053675        0.0761703444352961
          3.67556573341689        0.0751118986451866
          3.67917453629702        0.0745477347969872
          3.68278333917716        0.0759717313729174
          3.68639214205729        0.0738361461665503
          3.69000094493743        0.0739398467714024
          3.69360974781756        0.0752069677426102
          3.69721855069769        0.0752111030702285
          3.70082735357783        0.0770824125659803
          3.70443615645796        0.0741888050213838
           3.7080449593381         0.075579435724466
          3.71165376221823        0.0740474408272912
          3.71526256509837        0.0734291595213541
           3.7188713679785        0.0741533954372575
          3.72248017085864        0.0740244470612016
          3.72608897373877        0.0748984477265574
          3.72969777661891        0.0719766996486567
          3.73330657949904        0.0731810294293863
          3.73691538237917        0.0746016583961203
          3.74052418525931        0.0728803473034997
          3.74413298813944        0.0758068180173007
          3.74774179101958        0.0748339437215561
          3.75135059389971        0.0742642192181949
          3.75495939677985        0.0733408428577622
          3.75856819965998        0.0727664979781843
          3.76217700254011        0.0711854341341162
          3.76578580542025        0.0741744693877896
          3.76939460830038        0.0733081024715442
          3.77300341118052        0.0713164379429171
          3.77661221406065        0.0734656708088042
          3.78022101694079        0.0735656363356145
          3.78382981982092        0.0715662969170681
          3.78743862270106        0.0731963831416664
          3.79104742558119        0.0728849547682386
          3.79465622846132        0.0713727548208726
          3.79826503134146        0.0708180888774611
          3.80187383422159        0.0722088211778251
          3.80548263710173        0.0715725492358721
          3.80909143998186        0.0721096469949891
            3.812700242862        0.0706017105449041
          3.81630904574213          0.07042130641443
          3.81991784862226        0.0705982923376981
           3.8235266515024         0.071350210639243
          3.82713545438253        0.0712368655736577
          3.83074425726267        0.0730994332628526
           3.8343530601428        0.0708816665573685
          3.83796186302294        0.0722884243698026
          3.84157066590307         0.070383056057871
          3.84517946878321        0.0702414375623826
          3.84878827166334        0.0702269355910046
          3.85239707454347        0.0701491773018681
          3.85600587742361        0.0706513428525735
          3.85961468030374        0.0712970104426474
          3.86322348318388        0.0718010562013912
          3.86683228606401        0.0710958336821665
          3.87044108894415        0.0689446880744515
          3.87404989182428        0.0706923690690865
          3.87765869470442        0.0707859827591215
          3.88126749758455        0.0688165226152314
          3.88487630046468         0.069429512841912
          3.88848510334482         0.069514062831833
          3.89209390622495        0.0713375370496582
          3.89570270910509         0.068368655976247
          3.89931151198522        0.0712328863039464
          3.90292031486536        0.0679853151600892
          3.90652911774549        0.0680877005742072
          3.91013792062562        0.0695334219952403
          3.91374672350576        0.0695928570691243
          3.91735552638589        0.0691598264955819
          3.92096432926603        0.0675715586458026
          3.92457313214616        0.0691417119113052
           3.9281819350263        0.0689497015106527
          3.93179073790643        0.0706744889656767
          3.93539954078657        0.0662754880553052
           3.9390083436667        0.0676110565464524
          3.94261714654683        0.0695377290969257
          3.94622594942697        0.0683569865954435
           3.9498347523071         0.068391895027891
          3.95344355518724        0.0696278049910121
          3.95705235806737        0.0689457456380933
          3.96066116094751        0.0688822150290558
          3.96426996382764        0.0676950162889766
          3.96787876670777        0.0686712289805358
          3.97148756958791        0.0677441158176569
          3.97509637246804        0.0668568272055726
          3.97870517534818        0.0676871144468792
          3.98231397822831        0.0673020882974438
          3.98592278110845        0.0661547188606282
          3.98953158398858        0.0671160497137773
          3.99314038686872        0.0666060454389806
          3.99674918974885        0.0675805976237698
          4.00035799262898        0.0673148124412715
          4.00396679550912        0.0676967273191449
          4.00757559838925        0.0675208554701071
          4.01118440126939        0.0677139174604369
          4.01479320414952        0.0676190279928715
          4.01840200702966        0.0668501612243257
          4.02201080990979        0.0662489306828197
          4.02561961278993        0.0662037602870357
          4.02922841567006        0.0670627554924823
          4.03283721855019         0.067081151350779
          4.03644602143033        0.0664563988537916
          4.04005482431046        0.0664953910498533
           4.0436636271906         0.065981946558108
          4.04727243007073        0.0666878721611304
          4.05088123295087        0.0654782997404596
            4.054490035831        0.0663118002059815
          4.05809883871114        0.0624416870403269
          4.06170764159127         0.065775703328012
           4.0653164444714        0.0639580433901017
          4.06892524735154        0.0658182393640394
          4.07253405023167        0.0650125852798831
          4.07614285311181        0.0676013090786628
          4.07975165599194         0.066523005155666
          4.08336045887208        0.0649918113045733
          4.08696926175221        0.0651235629993483
          4.09057806463234        0.0660793928467128
          4.09418686751248        0.0660020876707187
          4.09779567039261        0.0656535801473601
          4.10140447327275        0.0657269753239264
          4.10501327615288        0.0655818992310874
          4.10862207903302        0.0654580337413552
          4.11223088191315        0.0638877688564735
          4.11583968479329        0.0638492520711811
          4.11944848767342        0.0654148327088215
          4.12305729055355        0.0638390033050177
          4.12666609343369        0.0632396745599272
          4.13027489631382        0.0649188853258097
          4.13388369919396        0.0667429009143606
          4.13749250207409         0.065982709177114
          4.14110130495423        0.0633094180526125
          4.14471010783436        0.0637862264912094
           4.1483189107145        0.0644054800000034
          4.15192771359463         0.063610299999675
          4.15553651647476        0.0638931415572544
           4.1591453193549        0.0636070889064873
          4.16275412223503        0.0641644249771496
          4.16636292511517        0.0629116437189389
           4.1699717279953        0.0636268069958174
          4.17358053087544        0.0645098737102196
          4.17718933375557        0.0643533818809819
          4.18079813663571         0.063492023153305
          4.18440693951584        0.0641552438990056
          4.18801574239597        0.0640403882066984
          4.19162454527611        0.0623534717585673
          4.19523334815624        0.0632098023166339
          4.19884215103638        0.0630184728433118
          4.20245095391651        0.0620457330071525
          4.20605975679665        0.0629048084351356
          4.20966855967678        0.0617168645501287
          4.21327736255691        0.0628735664135285
          4.21688616543705        0.0612957565252556
          4.22049496831718        0.0617038006453005
          4.22410377119732        0.0616638849840123
          4.22771257407745        0.0633399077358806
          4.23132137695759        0.0625161917155359
          4.23493017983772        0.0621246875299725
          4.23853898271786        0.0617857838379851
          4.24214778559799        0.0606660661442437
          4.24575658847812        0.0615371663413176
          4.24936539135826        0.0610697009784726
          4.25297419423839        0.0591770438004577
          4.25658299711853        0.0611830583105939
          4.26019179999866        0.0603082378383493
           4.2638006028788        0.0592438256874892
          4.26740940575893        0.0608353819680577
          4.27101820863906        0.0606210148888571
           4.2746270115192        0.0599182937626358
          4.27823581439933         0.060408918360246
          4.28184461727947        0.0607219080416134
           4.2854534201596        0.0588930298170743
          4.28906222303974        0.0602684623264553
          4.29267102591987         0.058485494782474
          4.29627982880001        0.0601547942334761
          4.29988863168014        0.0599358622503449
          4.30349743456028        0.0584369020505117
          4.30710623744041        0.0592847786729423
          4.31071504032054        0.0591304151689735
          4.31432384320068        0.0605498100233013
          4.31793264608081        0.0579040593201937
          4.32154144896095        0.0583279887413374
          4.32515025184108        0.0584487037431751
          4.32875905472122        0.0581822542503608
          4.33236785760135        0.0579587530256356
          4.33597666048148        0.0576970413299185
          4.33958546336162        0.0586963464468043
          4.34319426624175        0.0571319999332142
          4.34680306912189        0.0574083199053481
          4.35041187200202        0.0573459709250418
          4.35402067488216        0.0572411180524794
          4.35762947776229        0.0564386189090028
          4.36123828064243        0.0576502417636502
          4.36484708352256        0.0563305184826728
          4.36845588640269        0.0576457899423802
          4.37206468928283         0.057116599145185
          4.37567349216296         0.056995753438718
           4.3792822950431        0.0566037343337039
          4.38289109792323         0.056334696569224
          4.38649990080337        0.0556349188918315
           4.3901087036835        0.0566349773438328
          4.39371750656363        0.0560893284271991
          4.39732630944377        0.0547956165177133
           4.4009351123239        0.0560246519661408
          4.40454391520404        0.0544722252859378
          4.40815271808417        0.0566719791278884
          4.41176152096431        0.0552649666796866
          4.41537032384444        0.0542263796332066
          4.41897912672458        0.0535649412353457
          4.42258792960471        0.0556577737765728
          4.42619673248484        0.0550260708011032
          4.42980553536498        0.0556667381911788
          4.43341433824511        0.0544343640550176
          4.43702314112525        0.0537066650165321
          4.44063194400538        0.0552397378160279
          4.44424074688552        0.0543744615351186
          4.44784954976565        0.0545550955483147
          4.45145835264579        0.0558549843336848
          4.45506715552592        0.0550914072625191
          4.45867595840605        0.0532832675520651
          4.46228476128619        0.0534791158412645
          4.46589356416632        0.0534420961107406
          4.46950236704646        0.0535464029154813
          4.47311116992659        0.0537916015457584
          4.47671997280673        0.0532580675241705
          4.48032877568686        0.0536096495186777
          4.48393757856699        0.0531035950535649
          4.48754638144713        0.0522566073391356
          4.49115518432726        0.0530573786214948
           4.4947639872074         0.052148693315785
          4.49837279008753        0.0525599665459299
          4.50198159296767        0.0524212511523508
           4.5055903958478        0.0537810295505883
          4.50919919872794         0.051335111769606
          4.51280800160807        0.0532758294175918
           4.5164168044882        0.0523332873724666
          4.52002560736834        0.0524109362461427
          4.52363441024847        0.0512364747618803
          4.52724321312861        0.0519232356687121
          4.53085201600874        0.0516721646168301
          4.53446081888888        0.0521687262824662
          4.53806962176901        0.0512861149365229
          4.54167842464915        0.0510017411914074
          4.54528722752928        0.0517356175126035
          4.54889603040941        0.0510852744165982
          4.55250483328955         0.051550163716451
          4.55611363616968        0.0513482859858519
          4.55972243904982        0.0504939088176767
          4.56333124192995        0.0510756880371607
          4.56694004481009        0.0509083257934348
          4.57054884769022        0.0514399860009929
          4.57415765057035        0.0505449901965811
          4.57776645345049        0.0517635574446034
          4.58137525633062        0.0511133949180683
          4.58498405921076        0.0509884223706942
          4.58859286209089        0.0509698086589814
          4.59220166497103        0.0502398003385776
          4.59581046785116        0.0503264541291452
           4.5994192707313         0.050027483780457
          4.60302807361143        0.0504286716299595
          4.60663687649156        0.0502071321318839
           4.6102456793717        0.0507891150570269
          4.61385448225183        0.0496491570152432
          4.61746328513197        0.0495771107480156
           4.6210720880121        0.0492337800507415
          4.62468089089224        0.0489953868971872
          4.62828969377237        0.0499013191822367
          4.63189849665251        0.0503025374762289
          4.63550729953264        0.0492358970109157
          4.63911610241277        0.0495327820851608
          4.64272490529291         0.048750042833948
          4.64633370817304        0.0493007916155104
          4.64994251105318         0.050463371383485
          4.65355131393331        0.0492931525450714
          4.65716011681345        0.0495009822999398
          4.66076891969358        0.0491410688339573
          4.66437772257371        0.0481477622373829
          4.66798652545385        0.0494358735308649
          4.67159532833398        0.0497574825785283
          4.67520413121412        0.0480625993736116
          4.67881293409425        0.0490234953877817
          4.68242173697439        0.0490462717281757
          4.68603053985452        0.0493007055854355
          4.68963934273466         0.048449153306606
          4.69324814561479        0.0477937908088739
          4.69685694849492        0.0481244591624556
          4.70046575137506         0.048474995388311
          4.70407455425519        0.0479908579897216
          4.70768335713533        0.0479178700610918
          4.71129216001546        0.0472319720293963
           4.7149009628956        0.0464959190236655
          4.71850976577573        0.0486316131295696
          4.72211856865586        0.0483818992857935
            4.725727371536        0.0484500390284976
          4.72933617441613        0.0489930626754657
          4.73294497729627        0.0465077901796421
           4.7365537801764        0.0471802008125884
          4.74016258305654        0.0479719064151062
          4.74377138593667        0.0481978168627072
          4.74738018881681        0.0482607608443888
          4.75098899169694        0.0462196416417721
          4.75459779457707        0.0469990311441586
          4.75820659745721        0.0477643895321737
          4.76181540033734        0.0471158728145391
          4.76542420321748         0.046621636283767
          4.76903300609761        0.0463214750855243
          4.77264180897775        0.0458371846668548
          4.77625061185788        0.0466431562973168
          4.77985941473802        0.0465322566495042
          4.78346821761815        0.0468521994560744
          4.78707702049828        0.0473614786026606
          4.79068582337842        0.0462864322980516
          4.79429462625855        0.0466924039016801
          4.79790342913869        0.0467109183636492
          4.80151223201882        0.0450694415146515
          4.80512103489896        0.0465106018708629
          4.80872983777909        0.0457232773443935
          4.81233864065922        0.0458441462746776
          4.81594744353936        0.0458722362382597
          4.81955624641949         0.045805493606368
          4.82316504929963         0.046364772604627
          4.82677385217976        0.0455981247645133
           4.8303826550599        0.0464151139681816
          4.83399145794003        0.0449442463761787
          4.83760026082017        0.0452162518251098
           4.8412090637003        0.0460655277677735
          4.84481786658043        0.0458746185362422
          4.84842666946057        0.0446425711705376
           4.8520354723407        0.0448730332016339
          4.85564427522084        0.0454079711920836
          4.85925307810097        0.0456574434174617
          4.86286188098111        0.0451976077095798
          4.86647068386124        0.0457158109352056
          4.87007948674138        0.0446246695598779
          4.87368828962151        0.0452191853285508
          4.87729709250165        0.0451943695294029
          4.88090589538178        0.0447675299154913
          4.88451469826191        0.0441880180613624
          4.88812350114205        0.0447418473970567
          4.89173230402218        0.0450948388506784
          4.89534110690232        0.0450536217745929
          4.89894990978245        0.0447066519214828
          4.90255871266259         0.045887275118539
          4.90616751554272        0.0448971921065379
          4.90977631842285        0.0441121825510769
          4.91338512130299         0.045051080683899
          4.91699392418312        0.0445114416901808
          4.92060272706326        0.0439411602167104
          4.92421152994339        0.0441436902881628
          4.92782033282353        0.0435347880559101
          4.93142913570366        0.0440955354032971
           4.9350379385838        0.0422510620189414
          4.93864674146393        0.0435171396967522
          4.94225554434406        0.0443432805177575
           4.9458643472242        0.0435517448029001
          4.94947315010433        0.0450313837263925
          4.95308195298447        0.0436495729435417
           4.9566907558646        0.0439848701811384
          4.96029955874474         0.044045073705577
          4.96390836162487        0.0440440879444258
            4.967517164505        0.0431534609490069
          4.97112596738514         0.042665905119506
          4.97473477026527        0.0439294979312939
          4.97834357314541         0.044223747948935
          4.98195237602554        0.0441396065015365
          4.98556117890568        0.0437816276798533
          4.98916998178581        0.0433159058052233
          4.99277878466595        0.0432686807003856
          4.99638758754608        0.0440852710756227
          4.99999639042621        0.0437257767457769
          5.00360519330635        0.0427054186649477
          5.00721399618648        0.0438718798448863
          5.01082279906662        0.0432103498898088
          5.01443160194675        0.0422457358272039
          5.01804040482689        0.0429903448417051
          5.02164920770702        0.0432503207891433
          5.02525801058716        0.0429304794982748
          5.02886681346729        0.0423688093292194
          5.03247561634742         0.043015218586221
          5.03608441922756         0.043382939735543
          5.03969322210769         0.043969545587945
          5.04330202498783        0.0423202223998916
          5.04691082786796        0.0425065157197099
           5.0505196307481        0.0419336317592986
          5.05412843362823        0.0423759360174334
          5.05773723650836        0.0425985381743381
           5.0613460393885        0.0425188425937496
          5.06495484226863        0.0425298417223821
          5.06856364514877         0.043329069345683
           5.0721724480289        0.0428816019582656
          5.07578125090904        0.0420177057121778
          5.07939005378917        0.0426226536919759
          5.08299885666931        0.0431911079998448
          5.08660765954944        0.0415467970764518
          5.09021646242957        0.0416392213101444
          5.09382526530971        0.0423458543972938
          5.09743406818984        0.0422792418289398
          5.10104287106998        0.0421377322918774
          5.10465167395011        0.0428206061079172
          5.10826047683025        0.0425083863994526
          5.11186927971038         0.041906155388001
          5.11547808259052        0.0412066058069386
          5.11908688547065        0.0423889534639127
          5.12269568835078        0.0421959882954732
          5.12630449123092         0.042010066377274
          5.12991329411105        0.0418442493451072
          5.13352209699119        0.0420795729387649
          5.13713089987132        0.0413801644784742
          5.14073970275146        0.0415277377088461
          5.14434850563159        0.0412339290588192
          5.14795730851172        0.0416242736260409
          5.15156611139186        0.0424263735638319
          5.15517491427199        0.0412189662692829
          5.15878371715213        0.0415806420448765
          5.16239252003226        0.0422465756953275
           5.1660013229124        0.0406747538896975
          5.16961012579253        0.0407185380854634
          5.17321892867267        0.0416325045918897
           5.1768277315528         0.042172123062125
          5.18043653443293        0.0405420295578356
          5.18404533731307        0.0411802660381313
           5.1876541401932        0.0412156065038534
          5.19126294307334        0.0414487273856993
          5.19487174595347        0.0409861260566462
          5.19848054883361        0.0414183890200001
          5.20208935171374        0.0411234521519254
          5.20569815459388        0.0405748168537884
          5.20930695747401        0.0410430769810798
          5.21291576035414        0.0411149948284837
          5.21652456323428        0.0409663516460372
          5.22013336611441        0.0405727996018696
          5.22374216899455        0.0405887689307072
          5.22735097187468        0.0403046084345055
          5.23095977475482        0.0415883615218211
          5.23456857763495        0.0401340027690296
          5.23817738051508        0.0407936530660283
          5.24178618339522        0.0410876971767378
          5.24539498627535         0.040331851733169
          5.24900378915549        0.0401828281999685
          5.25261259203562        0.0414533941574308
          5.25622139491576        0.0408723793092652
          5.25983019779589        0.0405362232543524
          5.26343900067603        0.0396356321493162
          5.26704780355616        0.0388380489880393
          5.27065660643629        0.0402991162768092
          5.27426540931643        0.0404670811628039
          5.27787421219656        0.0393203189485551
           5.2814830150767        0.0408010438442716
          5.28509181795683        0.0400331212949685
          5.28870062083697        0.0400141516890107
           5.2923094237171        0.0398097486768601
          5.29591822659723        0.0394279970519037
          5.29952702947737        0.0401016861779557
           5.3031358323575        0.0402973024411516
          5.30674463523764        0.0405752192709961
          5.31035343811777        0.0402857747759255
          5.31396224099791        0.0408367136439489
          5.31757104387804        0.0403756273928382
          5.32117984675818        0.0398114017728278
          5.32478864963831        0.0397832654105165
          5.32839745251844         0.039414122786222
          5.33200625539858        0.0391257603669413
          5.33561505827871        0.0398981538690611
          5.33922386115885        0.0389720532290919
          5.34283266403898        0.0399755564214049
          5.34644146691912        0.0395503014659121
          5.35005026979925        0.0402970804280815
          5.35365907267939        0.0395523203268939
          5.35726787555952        0.0400228296461436
          5.36087667843965        0.0388733452079305
          5.36448548131979        0.0390724089281752
          5.36809428419992        0.0395637117789326
          5.37170308708006         0.039620954452132
          5.37531188996019        0.0399791220149565
          5.37892069284033        0.0402323287907654
          5.38252949572046        0.0402173458499936
          5.38613829860059        0.0396407018922407
          5.38974710148073         0.039982645943831
          5.39335590436086        0.0382712362941829
            5.396964707241        0.0390516386796739
          5.40057351012113         0.039444988622457
          5.40418231300127        0.0394276172612745
           5.4077911158814        0.0397222140170797
          5.41139991876154        0.0391291881582301
          5.41500872164167        0.0388990967227576
           5.4186175245218        0.0398546728095327
          5.42222632740194        0.0387316640806594
          5.42583513028207        0.0386057332981393
          5.42944393316221        0.0391055699355917
          5.43305273604234        0.0388001000043182
          5.43666153892248        0.0392876325222111
          5.44027034180261        0.0390336084269503
          5.44387914468275        0.0390092076281269
          5.44748794756288        0.0385756062215967
          5.45109675044302        0.0380511129065005
          5.45470555332315        0.0391050766041327
          5.45831435620328        0.0387073496159707
          5.46192315908342        0.0386577473058726
          5.46553196196355        0.0386234900428073
          5.46914076484369        0.0388578145382235
          5.47274956772382        0.0380100525419116
          5.47635837060395        0.0388777244541517
          5.47996717348409        0.0395888896075871
          5.48357597636422         0.037774925963678
          5.48718477924436        0.0379096068646462
          5.49079358212449        0.0375785283711337
          5.49440238500463        0.0381384957825321
          5.49801118788476        0.0376753411420373
           5.5016199907649        0.0390855216072884
          5.50522879364503        0.0385976848919001
          5.50883759652517        0.0389102831033654
           5.5124463994053        0.0390287463324959
          5.51605520228543         0.038266323404926
          5.51966400516557        0.0383253992552766
           5.5232728080457        0.0374497935892792
          5.52688161092584        0.0385566199273876
          5.53049041380597        0.0376967524549569
          5.53409921668611        0.0384312764871406
          5.53770801956624        0.0377027471540622
          5.54131682244637        0.0375757492202526
          5.54492562532651        0.0378048124589072
          5.54853442820664        0.0379543403217561
          5.55214323108678        0.0369036687397899
          5.55575203396691        0.0369627833384344
          5.55936083684705         0.038138532322166
          5.56296963972718        0.0376136574081595
          5.56657844260732        0.0380061052621999
          5.57018724548745         0.038289552604359
          5.57379604836758        0.0374626555349163
          5.57740485124772        0.0380362864870402
          5.58101365412785        0.0372825399129713
          5.58462245700799        0.0372307279150327
          5.58823125988812        0.0379984183593131
          5.59184006276826        0.0371104582282303
          5.59544886564839        0.0373396270087145
          5.59905766852853        0.0375696424841318
          5.60266647140866        0.0367688048968051
          5.60627527428879        0.0374669992803529
          5.60988407716893        0.0374314722638409
          5.61349288004906        0.0366407225042054
           5.6171016829292        0.0371897018082586
          5.62071048580933        0.0380380496984688
          5.62431928868947         0.037103272171069
           5.6279280915696        0.0371056353640758
          5.63153689444973        0.0383311767482429
          5.63514569732987         0.037089766852607
             5.63875450021        0.0372601427334357
          5.64236330309014        0.0364179142991278
          5.64597210597027        0.0364837395053549
          5.64958090885041        0.0372103684144607
          5.65318971173054        0.0377720786109627
          5.65679851461068        0.0377973229496795
          5.66040731749081        0.0375688509114818
          5.66401612037095         0.035890518865318
          5.66762492325108        0.0365014314876413
          5.67123372613121        0.0375729935648887
          5.67484252901135        0.0346766156924355
          5.67845133189148        0.0371837287079433
          5.68206013477162        0.0373631251099174
          5.68566893765175        0.0379343060618268
          5.68927774053188        0.0362432877238583
          5.69288654341202         0.036600246266712
          5.69649534629215        0.0359514802347124
          5.70010414917229        0.0361058054588934
          5.70371295205242        0.0364975605933319
          5.70732175493256        0.0360308186599467
          5.71093055781269        0.0374901561767308
          5.71453936069283        0.0365849876567944
          5.71814816357296        0.0364873976388729
          5.72175696645309        0.0358444674811152
          5.72536576933323         0.035243378578781
          5.72897457221336        0.0351582588268076
           5.7325833750935         0.035910429927564
          5.73619217797363        0.0367167973259518
          5.73980098085377        0.0361917439179705
           5.7434097837339        0.0376321881708148
          5.74701858661404        0.0362393738217608
          5.75062738949417        0.0359076710814546
           5.7542361923743        0.0356072476356189
          5.75784499525444        0.0360635020574463
          5.76145379813457        0.0356741066014095
          5.76506260101471        0.0363035870874595
          5.76867140389484        0.0368231251501144
          5.77228020677498        0.0363242027961731
          5.77588900965511         0.036762409660335
          5.77949781253524        0.0355333109453467
          5.78310661541538         0.034607550673288
          5.78671541829551        0.0352717633069838
          5.79032422117565        0.0368354703603306
          5.79393302405578        0.0356983883908607
          5.79754182693592        0.0362507438329806
          5.80115062981605        0.0358716087770766
          5.80475943269619        0.0354697650674131
          5.80836823557632        0.0372313804956841
          5.81197703845646        0.0358851680818588
          5.81558584133659        0.0356048583616912
          5.81919464421672        0.0363645315323244
          5.82280344709686        0.0338592214697007
          5.82641224997699        0.0355550646229169
          5.83002105285713         0.034706611474821
          5.83362985573726        0.0348283970731998
          5.83723865861739        0.0358264127630358
          5.84084746149753        0.0350216349747531
          5.84445626437766         0.034830429456657
           5.8480650672578        0.0346211769252426
          5.85167387013793        0.0341854169463757
          5.85528267301807        0.0362807193281109
           5.8588914758982        0.0367257762466222
          5.86250027877834        0.0345850240086758
          5.86610908165847        0.0337360627205857
          5.86971788453861        0.0353126920868579
          5.87332668741874        0.0345968301781833
          5.87693549029887         0.034385311271895
          5.88054429317901        0.0354985767328372
          5.88415309605914        0.0346534364717076
          5.88776189893928        0.0346002073385909
          5.89137070181941        0.0346404592129295
          5.89497950469955         0.035631806256294
          5.89858830757968        0.0352465243425696
          5.90219711045981        0.0343466540975757
          5.90580591333995        0.0340198976636415
          5.90941471622008        0.0345100916388112
          5.91302351910022        0.0341093539054585
          5.91663232198035        0.0334839183521968
          5.92024112486049        0.0329202945885613
          5.92384992774062        0.0338496042943387
          5.92745873062076        0.0333477842395066
          5.93106753350089        0.0328885094426376
          5.93467633638102        0.0342025994912077
          5.93828513926116        0.0338175963460092
          5.94189394214129        0.0337018188175571
          5.94550274502143        0.0336039522949075
          5.94911154790156        0.0336964697103561
           5.9527203507817        0.0336327630432625
          5.95632915366183        0.0348192763744797
          5.95993795654197        0.0325014803069069
           5.9635467594221        0.0341308437064688
          5.96715556230223        0.0336236571977308
          5.97076436518237        0.0326978727736584
           5.9743731680625        0.0334009543389415
          5.97798197094264        0.0329259011012894
          5.98159077382277        0.0340511396306372
           5.9851995767029        0.0333155874683665
          5.98880837958304         0.033333589483104
          5.99241718246317        0.0327357678219531
          5.99602598534331        0.0338526743389959
          5.99963478822344        0.0332197873399859
          6.00324359110358        0.0329817919136797
          6.00685239398371        0.0334969211156616
          6.01046119686385        0.0327703542838762
          6.01406999974398        0.0327748214429255
          6.01767880262412        0.0315467142550702
          6.02128760550425        0.0327494459628967
          6.02489640838438        0.0330502272218935
          6.02850521126452        0.0323093214903949
          6.03211401414465        0.0325065845472648
          6.03572281702479        0.0332020086184994
          6.03933161990492        0.0320809761195457
          6.04294042278506        0.0326007686490656
          6.04654922566519        0.0318979050330067
          6.05015802854532        0.0342538703522257
          6.05376683142546        0.0320136474059663
          6.05737563430559        0.0326324433779386
          6.06098443718573        0.0323626293062649
          6.06459324006586        0.0328947452059842
            6.068202042946        0.0320638921115265
          6.07181084582613        0.0315604708196093
          6.07541964870627        0.0320765305256094
           6.0790284515864        0.0323601521500942
          6.08263725446653        0.0330901068315049
          6.08624605734667        0.0316979628886595
           6.0898548602268         0.033306668984705
          6.09346366310694        0.0313191773127169
          6.09707246598707        0.0334337000419575
          6.10068126886721        0.0321957931278177
          6.10429007174734        0.0317716566260977
          6.10789887462748        0.0322578566833421
          6.11150767750761        0.0338026981213044
          6.11511648038775        0.0309883301267486
          6.11872528326788        0.0322038521950179
          6.12233408614801        0.0311996082446389
          6.12594288902815        0.0331300903126697
          6.12955169190828        0.0332450678493401
          6.13316049478842        0.0312278906583201
          6.13676929766855        0.0329460500047186
          6.14037810054869        0.0308507084864529
          6.14398690342882        0.0317632723483364
          6.14759570630895        0.0320390927038659
          6.15120450918909        0.0321753139438946
          6.15481331206922        0.0322580809903723
          6.15842211494936        0.0324655485187005
          6.16203091782949        0.0319917587745382
          6.16563972070963        0.0327582317774148
          6.16924852358976        0.0302465416348202
           6.1728573264699        0.0323273707931764
          6.17646612935003        0.0305400340580787
          6.18007493223016        0.0315968940413877
           6.1836837351103        0.0316971832585327
          6.18729253799043        0.0307742525320511
          6.19090134087057         0.031179345787169
           6.1945101437507        0.0319466505422204
          6.19811894663084        0.0300688127411764
          6.20172774951097        0.0338968805578439
          6.20533655239111        0.0307423658383248
          6.20894535527124         0.032960694854492
          6.21255415815137        0.0312228649125926
          6.21616296103151        0.0308689755059334
          6.21977176391164        0.0327101171148731
          6.22338056679178          0.03206105591795
          6.22698936967191        0.0308546460375324
          6.23059817255204        0.0317349092488424
          6.23420697543218         0.030080704812016
          6.23781577831231        0.0311896620641311
          6.24142458119245        0.0326385331900734
          6.24503338407258        0.0304090478548677
          6.24864218695272        0.0308370698911976
          6.25225098983285        0.0322331261701931
          6.25585979271299        0.0321003461244105
          6.25946859559312        0.0319582056945553
          6.26307739847326        0.0299805352687188
          6.26668620135339        0.0312837028597393
          6.27029500423352        0.0315718036322792
          6.27390380711366        0.0319802936526775
          6.27751260999379        0.0313355978699298
          6.28112141287393         0.031086043717047
          6.28473021575406        0.0304401035199362
           6.2883390186342         0.031195383865789
          6.29194782151433        0.0294965582952435
          6.29555662439446        0.0315198421527224
           6.2991654272746        0.0298995997696356
          6.30277423015473        0.0312281197094913
          6.30638303303487         0.030391064164133
            6.309991835915        0.0304537599334587
          6.31360063879514        0.0316164016468027
          6.31720944167527        0.0298778042370932
          6.32081824455541        0.0297665657322689
          6.32442704743554        0.0326287331894318
          6.32803585031567        0.0327106569526767
          6.33164465319581        0.0298312595575229
          6.33525345607594        0.0312573973052172
          6.33886225895608        0.0317759963302267
          6.34247106183621        0.0307761390201412
          6.34607986471635        0.0304614346642075
          6.34968866759648        0.0318273981783626
          6.35329747047662        0.0302220388227438
          6.35690627335675        0.0311702947131387
          6.36051507623688        0.0323630569384749
          6.36412387911702        0.0304052619043563
          6.36773268199715        0.0310626380472015
          6.37134148487729        0.0295371172512836
          6.37495028775742        0.0295539305579486
          6.37855909063755        0.0285146943422638
          6.38216789351769        0.0313262050397379
          6.38577669639782        0.0313545254683805
          6.38938549927796        0.0303090768895887
          6.39299430215809        0.0318338469864456
          6.39660310503823        0.0292991678977186
          6.40021190791836        0.0318238327097242
           6.4038207107985        0.0315107819432641
          6.40742951367863        0.0326349368128133
          6.41103831655877        0.0274319082905561
           6.4146471194389        0.0310080913882138
          6.41825592231903        0.0306508898822816
          6.42186472519917        0.0299756431602662
           6.4254735280793        0.0315334740462019
          6.42908233095944        0.0300494106124416
          6.43269113383957        0.0331007793070404
          6.43629993671971        0.0300030753968974
          6.43990873959984         0.030758885483525
          6.44351754247997        0.0303895018692416
          6.44712634536011        0.0319347807107023
          6.45073514824024        0.0303663004294471
          6.45434395112038         0.033002365340739
          6.45795275400051        0.0324462421482394
          6.46156155688065        0.0296635465744289
          6.46517035976078        0.0298255581597117
          6.46877916264092        0.0314527614037981
          6.47238796552105        0.0290870041162492
          6.47599676840118         0.030730995047951
          6.47960557128132        0.0307918641851168
          6.48321437416145        0.0313425623760106
          6.48682317704159         0.029817556603682
          6.49043197992172        0.0308881449095895
          6.49404078280186        0.0323849578649591
          6.49764958568199          0.03118983294507
          6.50125838856213        0.0307254872446773
          6.50486719144226        0.0297449920255061
          6.50847599432239        0.0298388417069898
          6.51208479720253        0.0293883321324195
          6.51569360008266        0.0291510997277347
           6.5193024029628        0.0304057043452766
          6.52291120584293        0.0290479229544512
          6.52652000872307        0.0314151706935952
           6.5301288116032        0.0313644524655972
          6.53373761448333        0.0299498015677078
          6.53734641736347        0.0283344800027789
           6.5409552202436        0.0297093882224162
          6.54456402312374        0.0291404290906889
          6.54817282600387        0.0305491264536799
          6.55178162888401        0.0287781877553079
          6.55539043176414        0.0311266854264912
          6.55899923464428        0.0294979732787923
          6.56260803752441         0.030745936368235
          6.56621684040455        0.0300527505154592
          6.56982564328468        0.0283377479473816
          6.57343444616481        0.0310837555416323
          6.57704324904495        0.0297605960139034
          6.58065205192508        0.0309802573520708
          6.58426085480522        0.0310599847473034
          6.58786965768535         0.030469782960637
          6.59147846056548        0.0298278563897425
          6.59508726344562        0.0318777858436412
          6.59869606632575        0.0317956044431756
          6.60230486920589        0.0320735427656922
          6.60591367208602        0.0287259261399188
          6.60952247496616        0.0289614082917636
          6.61313127784629        0.0295471944823469
          6.61674008072643        0.0313936595456558
          6.62034888360656        0.0309224643819498
          6.62395768648669        0.0296678196923161
          6.62756648936683        0.0297347312818681
          6.63117529224696        0.0302548607707693
           6.6347840951271        0.0267362349727905
          6.63839289800723        0.0293597766556271
          6.64200170088737        0.0301698816131453
           6.6456105037675         0.030602293073836
          6.64921930664764        0.0288615863629619
          6.65282810952777         0.030298251419763
          6.65643691240791        0.0309529942948839
          6.66004571528804        0.0280574212476261
          6.66365451816817        0.0316130894340239
          6.66726332104831        0.0290342255060109
          6.67087212392844        0.0296391914568299
          6.67448092680858        0.0335417847467488
          6.67808972968871        0.0283189644454952
          6.68169853256884         0.024503681677452
          6.68530733544898        0.0288241873458643
          6.68891613832911        0.0332418447189059
          6.69252494120925        0.0297619299882715
          6.69613374408938        0.0295803044182218
          6.69974254696952        0.0294901764579108