          0.04511003600168          197.044326586001
         0.063154050402352          319.123383884131
        0.0739804590427552           128.16673652984
        0.0884156705632928          216.898017655098
        0.0956332763235617          179.293402800407
         0.106459684963965          160.261551495776
         0.124503699364637          178.623725283322
         0.131721305124906          176.970138084687
         0.138938910885174            167.5659343764
         0.142547713765309          176.842425952013
         0.149765319525578          211.701597975802
         0.156982925285846          182.057995674157
         0.164200531046115          196.319759521194
         0.175026939686519          154.322843284671
         0.178635742566653          164.084160221801
         0.185853348326922          177.565799508068
         0.189462151207056          140.758290948526
         0.193070954087191          219.497954328397
         0.200288559847459          152.107972128962
         0.203897362727594             135.716320217
         0.211114968487863           144.23447292413
         0.218332574248131          131.091353412475
         0.221941377128266           160.19519920352
           0.2255501800084          114.218083630275
         0.232767785768669          150.057944063847
         0.236376588648803          115.714791945949
         0.247202997289207          101.812394243833
         0.250811800169341          101.828417318284
         0.254420603049475          136.953861267808
          0.25802940592961           131.34311526119
         0.261638208809744          134.765276325243
         0.265247011689879          104.002185290406
         0.268855814570013          123.814555914509
         0.276073420330282          81.8374118638722
         0.279682223210416          117.931746691512
         0.283291026090551          83.8224709505477
         0.286899828970685          72.6483012238212
         0.290508631850819          84.6485407422171
         0.294117434730954          110.111597659813
         0.301335040491223          120.236196311281
         0.304943843371357          103.476589537374
         0.308552646251491          86.9695327894401
         0.312161449131626          105.073059318905
          0.31577025201176          100.230540727605
         0.319379054891895          93.3783100152688
         0.326596660652163          109.595816788217
         0.330205463532298          77.9124385550227
         0.333814266412432          86.0842850957966
         0.337423069292567          82.6103752050843
         0.341031872172701          104.242006542117
          0.34824947793297          82.8062522944557
         0.351858280813104          92.6597223783962
         0.355467083693239          55.4493015815324
         0.359075886573373          68.2650822786005
         0.362684689453507          92.0934473370953
         0.369902295213776          82.7760433016409
         0.373511098093911          61.6680099022189
         0.377119900974045          56.5370989456073
         0.380728703854179          63.1452194238083
         0.384337506734314          59.6054512265547
         0.387946309614448          89.7367574496541
         0.391555112494583          61.9266508766054
         0.395163915374717          51.2448385756668
         0.398772718254851          51.7040745617562
         0.402381521134986          49.6667645446431
          0.40599032401512          49.9655631343106
         0.409599126895255          54.2549078677072
         0.413207929775389           50.368074104277
         0.416816732655523          41.9595487855218
         0.420425535535658          60.8784443920145
         0.424034338415792          48.6094121095257
         0.427643141295927          52.6215783954853
         0.431251944176061          47.4262208387934
         0.434860747056195          48.2162150465632
          0.43846954993633          41.5316260382475
         0.442078352816464          41.5130493224187
         0.445687155696599           42.492691776353
         0.449295958576733          39.1982372591455
         0.452904761456867          41.0432260552903
         0.456513564337002          33.2291630327747
         0.460122367217136          33.9116494346658
         0.463731170097271          39.0115086702863
         0.467339972977405          32.5178074235443
         0.470948775857539          39.5229568566541
         0.474557578737674          36.1588230001082
         0.478166381617808          32.3161761495615
         0.481775184497943          32.6745882285607
         0.485383987378077          31.2135145241495
         0.488992790258211          29.1944494320786
         0.492601593138346          33.9356272344767
          0.49621039601848          29.7892082332825
         0.499819198898615          25.0187249697454
         0.503428001778749          32.0393422855499
         0.507036804658883          28.3042276000176
         0.510645607539018          28.5359660999849
         0.514254410419152          26.0855753103831
         0.517863213299287          26.5076687027562
         0.521472016179421          22.6016995823393
         0.525080819059556          23.5963459254672
          0.52868962193969          27.3110829399882
         0.532298424819824          22.6197877019492
         0.535907227699959          22.9538607848542
         0.539516030580093          24.3355093318032
         0.543124833460227          22.3717537413135
         0.546733636340362          20.1088395094012
         0.550342439220496          21.8650316758804
         0.553951242100631           19.311686870866
         0.557560044980765           20.277328142295
         0.561168847860899          18.4923878928988
         0.564777650741034          17.6986949930136
         0.568386453621168           17.758183073277
         0.571995256501303          18.7516332789581
         0.575604059381437          16.5845970514316
         0.579212862261572          17.3377741288589
         0.582821665141706          14.1611526405028
          0.58643046802184          19.3341432489535
         0.590039270901975          15.1647373743636
         0.593648073782109          15.9735359745049
         0.597256876662243          15.6809908547217
         0.600865679542378          18.7142442283481
         0.604474482422512          15.7280847332717
         0.608083285302647          15.7270732481222
         0.611692088182781          13.6337103566025
         0.615300891062916          13.6074120080768
          0.61890969394305          13.3954343901376
         0.622518496823184          13.7234163904842
         0.626127299703319          14.2682479941888
         0.629736102583453          12.9294503010279
         0.633344905463587           14.101894513144
         0.636953708343722          14.1610753602714
         0.640562511223856          11.5851171088751
         0.644171314103991          12.0762261230186
         0.647780116984125          11.4821740517242
          0.65138891986426          11.7284188687332
         0.654997722744394          11.7222616303006
         0.658606525624528          10.1348498201253
         0.662215328504663          10.4024283014871
         0.665824131384797          10.6130052205805
         0.669432934264932          10.6725742446458
         0.673041737145066          10.9996097179682
           0.6766505400252          10.7426569464285
         0.680259342905335          9.30612919905832
         0.683868145785469          8.85611105236989
         0.687476948665604          8.79001277442424
         0.691085751545738          8.38202012814014
         0.694694554425872          8.98785062612374
         0.698303357306007          8.29537294969741
         0.701912160186141          8.70215519779588
         0.705520963066276          7.70638095923496
          0.70912976594641           7.7796966651469
         0.712738568826544          8.39424283247297
         0.716347371706679          6.94950230287641
         0.719956174586813          7.29349738010975
         0.723564977466947           7.4150953067688
         0.727173780347082          6.96688497865182
         0.730782583227216          6.83750832598071
         0.734391386107351          7.67900662060643
         0.738000188987485          6.55378287029735
          0.74160899186762          6.55780362053124
         0.745217794747754          6.73229801505972
         0.748826597627889          6.46957877610054
         0.752435400508023          5.40446012366184
         0.756044203388157          5.71609709235908
         0.759653006268292          5.77789304984225
         0.763261809148426          5.77988154338707
          0.76687061202856          6.36867355137505
         0.770479414908695           5.6272501994846
         0.774088217788829          6.36323445077947
         0.777697020668964          5.44960093257647
         0.781305823549098          6.06458684694652
         0.784914626429232          5.58944315857308
         0.788523429309367            5.467718687737
         0.792132232189501          5.41500798191454
         0.795741035069636          4.54673311285844
          0.79934983794977          4.95258504485341
         0.802958640829904          4.93843112810584
         0.806567443710039          5.13742842015296
         0.810176246590173          4.76870114183158
         0.813785049470308          4.34625802383836
         0.817393852350442          4.11304160497637
         0.821002655230576          4.23840900939527
         0.824611458110711          4.47779704843755
         0.828220260990845          4.35003699455476
          0.83182906387098          3.90255962308549
         0.835437866751114          4.28032333899005
         0.839046669631249          3.82720487265752
         0.842655472511383          4.03918341570353
         0.846264275391517          3.68768538601047
         0.849873078271652          4.18177801717024
         0.853481881151786          3.90765124171524
          0.85709068403192          3.55290177375566
         0.860699486912055          3.83524824477892
         0.864308289792189          3.74220890633719
         0.867917092672324          3.73080270538522
         0.871525895552458          3.31375608015652
         0.875134698432593          3.68419001990107
         0.878743501312727          3.63802887164539
         0.882352304192861          3.45761253423683
         0.885961107072996          3.43628487735108
          0.88956990995313          3.18398010207034
         0.893178712833264          3.05011873362898
         0.896787515713399          3.46091928393126
         0.900396318593533           3.0087449051762
         0.904005121473668          3.00960349476149
         0.907613924353802          2.89581513003635
         0.911222727233936          2.84959671341785
         0.914831530114071          3.07093273508149
         0.918440332994205          2.64007441478363
          0.92204913587434          3.00366962814167
         0.925657938754474          2.75117407512882
         0.929266741634609           2.7569666078278
         0.932875544514743          2.77705575789406
         0.936484347394877          2.80481792496555
         0.940093150275012          2.62318977979074
         0.943701953155146          2.48836933114818
          0.94731075603528          2.71864788134369
         0.950919558915415          2.89046131504282
         0.954528361795549          2.47507129123221
         0.958137164675684          2.57733787726478
         0.961745967555818           2.5704315980518
         0.965354770435953          2.34409030362461
         0.968963573316087          2.45361946817175
         0.972572376196221           2.3860972741296
         0.976181179076356          2.46030328665313
          0.97978998195649          2.16770192072526
         0.983398784836624          2.11043989475526
         0.987007587716759          2.19843722690922
         0.990616390596893          2.03046620032686
         0.994225193477028          2.27329909634625
         0.997833996357162          2.26908560857733
           1.0014427992373          2.02103047964847
          1.00505160211743          2.01654301061737
          1.00866040499757          2.29733421358436
           1.0122692078777          1.97795747350608
          1.01587801075783          2.03324247614145
          1.01948681363797          1.99888821968295
           1.0230956165181          1.93386442162914
          1.02670441939824          1.83909643691739
          1.03031322227837          1.99311930122487
          1.03392202515851          1.83898517115033
          1.03753082803864          1.88800476613976
          1.04113963091877           1.9584809911895
          1.04474843379891          1.68454589906569
          1.04835723667904          1.77950177900482
          1.05196603955918           1.7139833818186
          1.05557484243931          1.79523063453787
          1.05918364531945          1.70234122100758
          1.06279244819958           1.7656139231193
          1.06640125107972          1.66983266329754
          1.07001005395985            1.740783573275
          1.07361885683998          1.74939227676757
          1.07722765972012          1.53538716387266
          1.08083646260025          1.49798691595702
          1.08444526548039          1.59090927784547
          1.08805406836052          1.65510277236359
          1.09166287124066          1.53702667361974
          1.09527167412079          1.53817358982617
          1.09888047700093          1.56597060452881
          1.10248927988106          1.47480647954885
          1.10609808276119          1.45591857617066
          1.10970688564133          1.41690408793895
          1.11331568852146          1.48453458984326
           1.1169244914016          1.40405142141185
          1.12053329428173          1.51746319970333
          1.12414209716187          1.47725761103069
            1.127750900042          1.39466383758247
          1.13135970292214          1.40919309033958
          1.13496850580227           1.2750970210748
           1.1385773086824          1.25489489641864
          1.14218611156254          1.32252298238198
          1.14579491444267          1.37735068065561
          1.14940371732281          1.24029632617914
          1.15301252020294          1.25191252586371
          1.15662132308308          1.21758853305394
          1.16023012596321          1.19387390763303
          1.16383892884334          1.19226923861369
          1.16744773172348          1.20108260920194
          1.17105653460361          1.18222932920846
          1.17466533748375          1.09943115234752
          1.17827414036388          1.16492778815191
          1.18188294324402          1.17603884463279
          1.18549174612415          1.12594963437641
          1.18910054900429          1.11470229794051
          1.19270935188442           1.0292915696559
          1.19631815476455          1.13510160875402
          1.19992695764469          1.09197883998566
          1.20353576052482          1.09142499190059
          1.20714456340496          1.02761337812454
          1.21075336628509          1.13863321441283
          1.21436216916523          1.08164097801471
          1.21797097204536          1.00794951376559
           1.2215797749255           1.0333475010975
          1.22518857780563         0.967031411470069
          1.22879738068576          1.00417480480134
           1.2324061835659         0.991461843109891
          1.23601498644603         0.981468303307967
          1.23962378932617         0.937986410397103
           1.2432325922063          1.01380386382063
          1.24684139508644          0.92613104837039
          1.25045019796657         0.944971248843401
           1.2540590008467         0.967735786113542
          1.25766780372684         0.866892455368452
          1.26127660660697         0.919138296097479
          1.26488540948711         0.951933612504421
          1.26849421236724         0.877465904628321
          1.27210301524738         0.894850401624524
          1.27571181812751         0.892314478156617
          1.27932062100765         0.898767078338489
          1.28292942388778         0.849921744145235
          1.28653822676791         0.835659439122183
          1.29014702964805         0.854836400672676
          1.29375583252818         0.827620133414531
          1.29736463540832         0.802848178523206
          1.30097343828845         0.829269173862286
          1.30458224116859          0.81578917574607
          1.30819104404872         0.822005585511901
          1.31179984692886         0.828249060799807
          1.31540864980899         0.752042324714961
          1.31901745268912         0.760695918773081
          1.32262625556926         0.819625375684457
          1.32623505844939         0.797489462998307
          1.32984386132953         0.776238010689168
          1.33345266420966         0.749501827149291
           1.3370614670898         0.783967817667778
          1.34067026996993         0.772215102517567
          1.34427907285006         0.709467529566649
           1.3478878757302         0.735236425814302
          1.35149667861033         0.747307731672902
          1.35510548149047         0.732251871126731
           1.3587142843706         0.753219874645565
          1.36232308725074         0.699096331530751
          1.36593189013087         0.673610040692539
          1.36954069301101         0.692013214614033
          1.37314949589114         0.746062862630096
          1.37675829877127         0.673679601045932
          1.38036710165141         0.700210052843982
          1.38397590453154         0.685932042527926
          1.38758470741168         0.687648889816884
          1.39119351029181         0.680273460776061
          1.39480231317195         0.667615525623471
          1.39841111605208          0.69139627231101
          1.40201991893222         0.689028672677718
          1.40562872181235         0.662220257495546
          1.40923752469248         0.644190149301745
          1.41284632757262         0.646829683808495
          1.41645513045275         0.660564671092686
          1.42006393333289         0.644903696069305
          1.42367273621302         0.612814628993977
          1.42728153909316         0.602989612785634
          1.43089034197329         0.593296577291724
          1.43449914485342         0.619880646786065
          1.43810794773356          0.57963713563639
          1.44171675061369         0.583544997235337
          1.44532555349383         0.613349368918854
          1.44893435637396         0.549871020723064
           1.4525431592541         0.596258286162829
          1.45615196213423         0.578146132170164
          1.45976076501437         0.584104805613851
           1.4633695678945         0.561332832275352
          1.46697837077463         0.569718617446481
          1.47058717365477         0.581924477652163
           1.4741959765349         0.560951705226925
          1.47780477941504         0.578990435275277
          1.48141358229517         0.562631532842485
          1.48502238517531         0.559965857899801
          1.48863118805544         0.554922106401627
          1.49223999093558         0.512432765698634
          1.49584879381571         0.556866536373895
          1.49945759669584         0.519629746139912
          1.50306639957598         0.552670446772379
          1.50667520245611         0.541067389900269
          1.51028400533625         0.502156054898225
          1.51389280821638          0.51677882626681
          1.51750161109652         0.471154678826667
          1.52111041397665         0.493842650888885
          1.52471921685678         0.517395102872779
          1.52832801973692         0.488807916031929
          1.53193682261705         0.509857269747761
          1.53554562549719          0.47539097344664
          1.53915442837732         0.478892009651147
          1.54276323125746         0.502771257735847
          1.54637203413759         0.478259001727201
          1.54998083701773         0.460492941875043
          1.55358963989786         0.495603447882847
          1.55719844277799         0.472694370607017
          1.56080724565813         0.495655292912649
          1.56441604853826         0.447765007134987
           1.5680248514184         0.471355697955114
          1.57163365429853         0.465551130096072
          1.57524245717867         0.460134476843828
           1.5788512600588         0.473670003684834
          1.58246006293893         0.468396865880895
          1.58606886581907         0.438123669888565
           1.5896776686992         0.427087196275268
          1.59328647157934         0.455149184426586
          1.59689527445947         0.457196637506824
          1.60050407733961         0.450319146248341
          1.60411288021974         0.446403276236418
          1.60772168309988         0.451743794897843
          1.61133048598001         0.412040812886761
          1.61493928886015         0.441219604704107
          1.61854809174028         0.423460185872865
          1.62215689462041         0.437019320584082
          1.62576569750055         0.429210234709821
          1.62937450038068         0.402904933442873
          1.63298330326082         0.413526592577727
          1.63659210614095         0.431676825432849
          1.64020090902109         0.421490670402446
          1.64380971190122         0.418079306825314
          1.64741851478135         0.413372260006279
          1.65102731766149         0.398867776253267
          1.65463612054162         0.425369493930815
          1.65824492342176         0.394538601701971
          1.66185372630189         0.388592720989352
          1.66546252918203         0.403327325734032
          1.66907133206216         0.407998251479949
           1.6726801349423         0.394417219629333
          1.67628893782243         0.402095188592283
          1.67989774070256         0.392963501483898
           1.6835065435827         0.381972646803081
          1.68711534646283         0.354331946759257
          1.69072414934297         0.379369319339626
           1.6943329522231          0.37982793079385
          1.69794175510324         0.376791327777493
          1.70155055798337         0.373991677897339
           1.7051593608635         0.371228365956397
          1.70876816374364         0.359085065820656
          1.71237696662377         0.361794623305324
          1.71598576950391         0.352433184345725
          1.71959457238404          0.36935596078874
          1.72320337526418         0.362320223428934
          1.72681217814431          0.34621315076156
          1.73042098102445         0.360398289893396
          1.73402978390458         0.366638408492036
          1.73763858678471         0.349332038440447
          1.74124738966485         0.349559261054398
          1.74485619254498         0.348711919991773
          1.74846499542512          0.36540115858565
          1.75207379830525         0.360610895527592
          1.75568260118539         0.345479952558845
          1.75929140406552         0.343948223772697
          1.76290020694566         0.348379982929768
          1.76650900982579         0.350997820893518
          1.77011781270592         0.331247818844096
          1.77372661558606         0.336333356366276
          1.77733541846619         0.339140062953683
          1.78094422134633         0.327075316700181
          1.78455302422646         0.333379363275677
           1.7881618271066         0.343810360664406
          1.79177062998673         0.338189232344116
          1.79537943286686         0.341840059580291
            1.798988235747          0.33366465164455
          1.80259703862713         0.330070152965326
          1.80620584150727          0.32125034972438
           1.8098146443874         0.325410486017378
          1.81342344726754         0.326754242980641
          1.81703225014767         0.317941867615302
          1.82064105302781         0.326606738129615
          1.82424985590794         0.293661160070087
          1.82785865878807         0.320070839562732
          1.83146746166821         0.305520331223059
          1.83507626454834          0.31571406744042
          1.83868506742848         0.305976956788725
          1.84229387030861         0.296459540821027
          1.84590267318875         0.305314770328916
          1.84951147606888         0.302633736211815
          1.85312027894902         0.307813899321525
          1.85672908182915         0.304768099114175
          1.86033788470928          0.30164700158799
          1.86394668758942         0.298069984508377
          1.86755549046955         0.304627886077897
          1.87116429334969         0.294447463146207
          1.87477309622982         0.298807154299439
          1.87838189910996         0.305014375596982
          1.88199070199009         0.291607703836738
          1.88559950487022         0.296261536905343
          1.88920830775036         0.288764039680127
          1.89281711063049         0.290367178774974
          1.89642591351063         0.283518617902355
          1.90003471639076         0.281816925374488
           1.9036435192709         0.276646219701964
          1.90725232215103          0.28257223629897
          1.91086112503117         0.276886398101809
           1.9144699279113         0.281636203732001
          1.91807873079143         0.280433387694248
          1.92168753367157         0.275113497021329
           1.9252963365517         0.279061204891679
          1.92890513943184         0.275861748813805
          1.93251394231197          0.27180303639846
          1.93612274519211          0.28134592788515
          1.93973154807224         0.270407044169688
          1.94334035095238         0.278603536227012
          1.94694915383251         0.259704798223594
          1.95055795671264         0.273964913357381
          1.95416675959278          0.27210648966161
          1.95777556247291         0.266737677914064
          1.96138436535305         0.274689484852751
          1.96499316823318         0.269092596340624
          1.96860197111332         0.253654085165833
          1.97221077399345          0.25528315927778
          1.97581957687359         0.254748706873057
          1.97942837975372         0.259150506745389
          1.98303718263385         0.258199795465297
          1.98664598551399         0.259318019741083
          1.99025478839412         0.257450717551326
          1.99386359127426         0.257912707831888
          1.99747239415439         0.264734174034658
          2.00108119703453         0.252043185122329
          2.00468999991466         0.247157280406764
          2.00829880279479         0.257300186589911
          2.01190760567493         0.251763418902994
          2.01551640855506         0.246469662266658
           2.0191252114352         0.248336808764733
          2.02273401431533         0.245592029420755
          2.02634281719547         0.245810196681133
           2.0299516200756         0.238935479155629
          2.03356042295574         0.246007671591783
          2.03716922583587         0.242635244188543
            2.040778028716         0.241448508267991
          2.04438683159614          0.24284989973263
          2.04799563447627         0.243312234375792
          2.05160443735641         0.235672446341834
          2.05521324023654         0.233577919883234
          2.05882204311668         0.236986994503501
          2.06243084599681         0.231656594217175
          2.06603964887695         0.236165868145176
          2.06964845175708         0.229641367013524
          2.07325725463721          0.23784350826767
          2.07686605751735           0.2347656728962
          2.08047486039748         0.234426220032051
          2.08408366327762         0.226274660216892
          2.08769246615775         0.230575157649764
          2.09130126903789         0.226578522428148
          2.09491007191802         0.221495262809372
          2.09851887479815         0.229265679627167
          2.10212767767829         0.224261563761549
          2.10573648055842          0.22360080246947
          2.10934528343856         0.224736990046134
          2.11295408631869         0.220495429865381
          2.11656288919883         0.220090008695709
          2.12017169207896         0.223930356322097
           2.1237804949591         0.219071538493681
          2.12738929783923          0.21930159260675
          2.13099810071936         0.219274993624994
           2.1346069035995         0.221223352225137
          2.13821570647963         0.218614102011902
          2.14182450935977         0.211771115380745
           2.1454333122399         0.215626627201788
          2.14904211512004         0.213042592396315
          2.15265091800017         0.217334475252173
           2.1562597208803          0.21279244778362
          2.15986852376044         0.213598095445559
          2.16347732664057         0.214926284277719
          2.16708612952071         0.217141517971496
          2.17069493240084         0.208798548856757
          2.17430373528098         0.206731097801302
          2.17791253816111         0.207160911744904
          2.18152134104125         0.205783547360312
          2.18513014392138         0.207719469880307
          2.18873894680151         0.212908412858166
          2.19234774968165         0.204190978315667
          2.19595655256178         0.207011424712408
          2.19956535544192         0.200693542943087
          2.20317415832205         0.202501560563476
          2.20678296120219         0.202416706935594
          2.21039176408232         0.199723958751812
          2.21400056696246         0.204753245091751
          2.21760936984259         0.205418330405569
          2.22121817272272         0.199067587493661
          2.22482697560286         0.201023277806418
          2.22843577848299          0.19912262174051
          2.23204458136313         0.205575265305882
          2.23565338424326         0.196632304636895
           2.2392621871234         0.195123541118415
          2.24287099000353         0.197892560196409
          2.24647979288367         0.199316498172332
           2.2500885957638         0.200100313400659
          2.25369739864393         0.186959791632794
          2.25730620152407          0.19366683735231
           2.2609150044042         0.193144914700872
          2.26452380728434          0.19706475268887
          2.26813261016447         0.191499393213912
          2.27174141304461         0.200909310063144
          2.27535021592474         0.197469212458057
          2.27895901880487         0.192542239115029
          2.28256782168501         0.188453419465339
          2.28617662456514         0.189034530587668
          2.28978542744528          0.18943906281047
          2.29339423032541         0.182203904105328
          2.29700303320555         0.181203150166575
          2.30061183608568         0.181788387553404
          2.30422063896582          0.18810045883793
          2.30782944184595         0.182818480459912
          2.31143824472608         0.186959508319223
          2.31504704760622         0.183603639715977
          2.31865585048635         0.189123544813705
          2.32226465336649         0.182824810168004
          2.32587345624662         0.188261995141276
          2.32948225912676         0.184327650544503
          2.33309106200689         0.181407196791226
          2.33669986488703         0.183530845328099
          2.34030866776716         0.184456881747739
          2.34391747064729         0.182703356173621
          2.34752627352743          0.17638060428703
          2.35113507640756         0.182499588274582
           2.3547438792877         0.176652935473369
          2.35835268216783         0.176894583099436
          2.36196148504797         0.179196304501092
           2.3655702879281         0.173870459951925
          2.36917909080823         0.177657937549662
          2.37278789368837         0.179156904996932
           2.3763966965685         0.176453915287435
          2.38000549944864         0.173933227426158
          2.38361430232877          0.17377999889131
          2.38722310520891         0.173835656891985
          2.39083190808904         0.173288690187761
          2.39444071096918          0.17674544325191
          2.39804951384931         0.173515791439094
          2.40165831672944         0.168728607570296
          2.40526711960958         0.175572133438596
          2.40887592248971          0.17300911926172
          2.41248472536985         0.173563387038091
          2.41609352824998         0.166977868142432
          2.41970233113012         0.168737567609006
          2.42331113401025         0.168284438764508
          2.42691993689039         0.169154068510657
          2.43052873977052         0.167977599722886
          2.43413754265065         0.167948409410067
          2.43774634553079         0.164309629233486
          2.44135514841092         0.164848372371722
          2.44496395129106         0.166599249982659
          2.44857275417119         0.169069410421235
          2.45218155705133         0.168093225782706
          2.45579035993146         0.163478530170681
          2.45939916281159          0.16659855253405
          2.46300796569173         0.161044161355704
          2.46661676857186         0.162647037932689
            2.470225571452         0.167335065263556
          2.47383437433213         0.160905146241206
          2.47744317721227         0.159352428052582
           2.4810519800924         0.167346426519727
          2.48466078297254         0.159665501876143
          2.48826958585267         0.159055147025833
           2.4918783887328         0.158644925787497
          2.49548719161294         0.157149948984125
          2.49909599449307         0.162702259961745
          2.50270479737321         0.164312959868761
          2.50631360025334         0.158786160666844
          2.50992240313348         0.156164482972685
          2.51353120601361         0.158813554533039
          2.51714000889375         0.162955107921873
          2.52074881177388         0.155651993560081
          2.52435761465401         0.159155793494212
          2.52796641753415         0.158492224247071
          2.53157522041428         0.158314644899962
          2.53518402329442         0.147618599943603
          2.53879282617455          0.15369151305483
          2.54240162905469         0.156104764429737
          2.54601043193482          0.15467176113995
          2.54961923481495         0.158304686885106
          2.55322803769509         0.153278051623086
          2.55683684057522         0.152723295208267
          2.56044564345536         0.152353526370654
          2.56405444633549         0.151761980079949
          2.56766324921563         0.148276219853623
          2.57127205209576         0.155202527325148
           2.5748808549759         0.153084712720356
          2.57848965785603         0.149497240546791
          2.58209846073616         0.148363031647066
           2.5857072636163         0.151859876698436
          2.58931606649643         0.145055499554649
          2.59292486937657         0.150159875243429
           2.5965336722567         0.149411446528415
          2.60014247513684           0.1510527616117
          2.60375127801697         0.152723519725975
          2.60736008089711         0.149876911622295
          2.61096888377724         0.142874831640305
          2.61457768665737         0.151573458973986
          2.61818648953751         0.150148302827827
          2.62179529241764         0.146845423439883
          2.62540409529778         0.143230125849081
          2.62901289817791            0.142818012814
          2.63262170105805         0.146423741699973
          2.63623050393818         0.145626445134432
          2.63983930681832         0.142070516303174
          2.64344810969845         0.147326443832552
          2.64705691257858         0.139334159529738
          2.65066571545872         0.143268506110358
          2.65427451833885         0.142284447756273
          2.65788332121899         0.147828585147134
          2.66149212409912         0.142861429694645
          2.66510092697926         0.142231389947188
          2.66870972985939         0.137899780308425
          2.67231853273952         0.138987160127021
          2.67592733561966         0.142754196891728
          2.67953613849979         0.142809288139533
          2.68314494137993          0.14370516912041
          2.68675374426006         0.137438637535034
           2.6903625471402         0.144186667303832
          2.69397135002033         0.138621120969638
          2.69758015290047         0.139615368834512
           2.7011889557806         0.137898169641464
          2.70479775866073         0.138104143354867
          2.70840656154087         0.140803425124382
            2.712015364421         0.135472456129959
          2.71562416730114         0.135717506650196
          2.71923297018127         0.139773035957835
          2.72284177306141         0.132698776551312
          2.72645057594154         0.139562712747704
          2.73005937882167         0.134896749914267
          2.73366818170181         0.133854855088055
          2.73727698458194         0.134474012036404
          2.74088578746208         0.135408193568035
          2.74449459034221         0.134431848845535
          2.74810339322235          0.13519296407983
          2.75171219610248         0.131103067441967
          2.75532099898262         0.132823644481677
          2.75892980186275         0.130536168773391
          2.76253860474288         0.134535769209963
          2.76614740762302         0.130739789404597
          2.76975621050315         0.132323832287746
          2.77336501338329         0.135364171699865
          2.77697381626342         0.129736955704474
          2.78058261914356         0.132574225574222
          2.78419142202369         0.132525317571855
          2.78780022490383         0.134117326622996
          2.79140902778396         0.131990482397073
          2.79501783066409         0.131160892631646
          2.79862663354423         0.131574964860596
          2.80223543642436         0.131620024883516
           2.8058442393045         0.128812066830737
          2.80945304218463         0.132081311547033
          2.81306184506477         0.124989232124333
           2.8166706479449         0.129105749109061
          2.82027945082503         0.129122539567933
          2.82388825370517         0.130373316326624
           2.8274970565853         0.129178749891962
          2.83110585946544         0.126087921057125
          2.83471466234557          0.12933538496494
          2.83832346522571         0.131221164824528
          2.84193226810584         0.126644968031948
          2.84554107098598         0.128980001172228
          2.84914987386611          0.12771504278971
          2.85275867674624         0.124875102798928
          2.85636747962638         0.124642603256804
          2.85997628250651         0.123518905389239
          2.86358508538665         0.127514783765235
          2.86719388826678         0.125652578720452
          2.87080269114692         0.123205018953935
          2.87441149402705         0.124361238206795
          2.87802029690719         0.129286297012358
          2.88162909978732         0.124353537118036
          2.88523790266745         0.122665898026397
          2.88884670554759         0.124271355190933
          2.89245550842772         0.119693729926286
          2.89606431130786           0.1217170155991
          2.89967311418799         0.123965586704111
          2.90328191706813         0.122361654302922
          2.90689071994826         0.120840011753281
          2.91049952282839         0.121655356937558
          2.91410832570853         0.124056942563308
          2.91771712858866         0.122841741013228
           2.9213259314688         0.122864466811178
          2.92493473434893         0.122296421047591
          2.92854353722907         0.121026455204122
           2.9321523401092         0.121703117862868
          2.93576114298934         0.121971771590831
          2.93936994586947         0.122534685432154
           2.9429787487496         0.121250619387626
          2.94658755162974         0.119809787435194
          2.95019635450987         0.115501890145568
          2.95380515739001         0.120183243080856
          2.95741396027014          0.11938532377093
          2.96102276315028         0.120778847372702
          2.96463156603041         0.118743965640686
          2.96824036891055         0.120098799752148
          2.97184917179068         0.118467081529236
          2.97545797467081         0.117783091868067
          2.97906677755095         0.119134232191606
          2.98267558043108         0.117902764240919
          2.98628438331122         0.116598705096303
          2.98989318619135         0.117151074400431
          2.99350198907149         0.114264011193825
          2.99711079195162         0.120115114175093
          3.00071959483176         0.114893942346871
          3.00432839771189         0.118461740241196
          3.00793720059202         0.118500343102751
          3.01154600347216         0.118379869239822
          3.01515480635229         0.113184134293872
          3.01876360923243         0.114667511211821
          3.02237241211256         0.116949370414893
           3.0259812149927          0.11510700222963
          3.02959001787283         0.112271626754263
          3.03319882075296         0.115934127220531
           3.0368076236331         0.110982983840031
          3.04041642651323          0.11408764539977
          3.04402522939337         0.115790056765886
           3.0476340322735         0.112925884770902
          3.05124283515364         0.115046146159815
          3.05485163803377         0.113199934367324
          3.05846044091391          0.11309011582646
          3.06206924379404          0.11418379058878
          3.06567804667417         0.113149012978493
          3.06928684955431         0.112205034102961
          3.07289565243444         0.113207926820216
          3.07650445531458          0.11120799390348
          3.08011325819471         0.110092894258964
          3.08372206107485           0.1110891765716
          3.08733086395498         0.110373715794015
          3.09093966683511         0.113078790083167
          3.09454846971525         0.111648685070323
          3.09815727259538         0.110304624167882
          3.10176607547552         0.112646499170194
          3.10537487835565         0.110826874419328
          3.10898368123579         0.112245577448631
          3.11259248411592         0.112997379066264
          3.11620128699606         0.108379453692378
          3.11981008987619         0.110907559385492
          3.12341889275632         0.109023394834044
          3.12702769563646          0.10917174982752
          3.13063649851659         0.111209490799128
          3.13424530139673         0.112529472057087
          3.13785410427686          0.10708860443721
            3.141462907157         0.112004615377381
          3.14507171003713         0.109660372304645
          3.14868051291727         0.108836739706969
           3.1522893157974         0.107836651745749
          3.15589811867753         0.106567560599836
          3.15950692155767         0.106651114353505
           3.1631157244378         0.108075113841036
          3.16672452731794         0.106635049811361
          3.17033333019807         0.106132700214276
          3.17394213307821         0.110509881940638
          3.17755093595834         0.108666723045683
          3.18115973883848         0.104244400040563
          3.18476854171861         0.105485097347921
          3.18837734459874         0.110173175047838
          3.19198614747888          0.10400262460469
          3.19559495035901          0.10565764852468
          3.19920375323915         0.108162694068639
          3.20281255611928         0.104960168201603
          3.20642135899942         0.108315833409753
          3.21003016187955         0.106214933909155
          3.21363896475968         0.105226240878341
          3.21724776763982         0.103103769869241
          3.22085657051995         0.107183347593847
          3.22446537340009         0.105510671178245
          3.22807417628022         0.104649052702305
          3.23168297916036         0.103736396255728
          3.23529178204049         0.106769245603849
          3.23890058492063         0.101462878768681
          3.24250938780076         0.102647977488147
          3.24611819068089         0.106113338177315
          3.24972699356103         0.102503811924361
          3.25333579644116          0.10544835570827
           3.2569445993213         0.105495922630368
          3.26055340220143         0.102547547146621
          3.26416220508157         0.104690730915568
           3.2677710079617         0.104268535879468
          3.27137981084184         0.100896334662355
          3.27498861372197         0.101238028154699
           3.2785974166021         0.101097518294041
          3.28220621948224        0.0997072838619794
          3.28581502236237         0.102035073021511
          3.28942382524251         0.103834093465852
          3.29303262812264         0.100672266121952
          3.29664143100278         0.099494538642482
          3.30025023388291         0.103849463410865
          3.30385903676305        0.0997445105234546
          3.30746783964318         0.100981291255029
          3.31107664252331         0.102184635586194
          3.31468544540345         0.100083896984779
          3.31829424828358         0.102390207560532
          3.32190305116372         0.102845376836889
          3.32551185404385         0.099935875744564
          3.32912065692399         0.100186674177603
          3.33272945980412        0.0989100618360456
          3.33633826268425        0.0992123015477487
          3.33994706556439        0.0997045251021878
          3.34355586844452        0.0994632922328626
          3.34716467132466        0.0986728034920327
          3.35077347420479        0.0997716986701612
          3.35438227708493        0.0980389748473574
          3.35799107996506        0.0972572792324287
           3.3615998828452        0.0976895784486475
          3.36520868572533        0.0987530982902379
          3.36881748860546        0.0987710470918386
           3.3724262914856         0.100081238247186
          3.37603509436573         0.100744570563566
          3.37964389724587        0.0972975913641365
            3.383252700126          0.09829173540058
          3.38686150300614        0.0960664601643159
          3.39047030588627         0.097560382075922
           3.3940791087664        0.0989117141720816
          3.39768791164654        0.0993069056616985
          3.40129671452667        0.0974170187760936
          3.40490551740681        0.0971487525307588
          3.40851432028694        0.0986390949777732
          3.41212312316708         0.095602757463773
          3.41573192604721        0.0954563321051195
          3.41934072892735        0.0977158697732964
          3.42294953180748        0.0965141855459777
          3.42655833468761        0.0977473279296903
          3.43016713756775        0.0981352418605504
          3.43377594044788         0.099752993843435
          3.43738474332802        0.0949745417311557
          3.44099354620815        0.0968100599465189
          3.44460234908829        0.0964960841190141
          3.44821115196842        0.0946659922050757
          3.45181995484856        0.0944836854003444
          3.45542875772869        0.0939525908734164
          3.45903756060882        0.0956347175533776
          3.46264636348896         0.092488156841416
          3.46625516636909        0.0952168067110474
          3.46986396924923        0.0937094387381366
          3.47347277212936        0.0945246355816508
           3.4770815750095        0.0948321247690295
          3.48069037788963        0.0952872811873859
          3.48429918076976        0.0946640375570314
           3.4879079836499        0.0942389659966347
          3.49151678653003        0.0929705069440439
          3.49512558941017        0.0932439380432568
           3.4987343922903        0.0957982383929335
          3.50234319517044        0.0934625360657676
          3.50595199805057        0.0934032182924255
          3.50956080093071        0.0924527037944274
          3.51316960381084         0.093658697289067
          3.51677840669097        0.0934311380052756
          3.52038720957111        0.0943969111559219
          3.52399601245124        0.0918673017603783
          3.52760481533138        0.0944838979069952
          3.53121361821151        0.0930297945302664
          3.53482242109165        0.0920337075154984
          3.53843122397178        0.0924242321653525
          3.54204002685191        0.0920996706291267
          3.54564882973205        0.0900440234173268
          3.54925763261218        0.0946860071470091
          3.55286643549232        0.0936418424202426
          3.55647523837245        0.0913057950911413
          3.56008404125259        0.0915272409555756
          3.56369284413272        0.0919947460414167
          3.56730164701286        0.0919429669071409
          3.57091044989299        0.0925779622095466
          3.57451925277313        0.0920103886018827
          3.57812805565326        0.0915205244634607
          3.58173685853339        0.0922866955890435
          3.58534566141353         0.091356709151768
          3.58895446429366        0.0913487112800464
           3.5925632671738        0.0898416084985445
          3.59617207005393        0.0886954822016348
          3.59978087293407         0.089269130555534
           3.6033896758142        0.0899723967328652
          3.60699847869433        0.0910955586453886
          3.61060728157447        0.0921690953436136
           3.6142160844546        0.0892407189885523
          3.61782488733474        0.0902489736257635
          3.62143369021487        0.0904964221952954
          3.62504249309501        0.0904029940465919
          3.62865129597514          0.09120604553591
          3.63226009885528        0.0920870958337067
          3.63586890173541        0.0890325136126181
          3.63947770461554        0.0903258116521335
          3.64308650749568        0.0879261757052192
          3.64669531037581        0.0880871871565419
          3.65030411325595        0.0893709810588405
          3.65391291613608         0.089862092614916
          3.65752171901622        0.0913087700843044
          3.66113052189635        0.0887588685774531
          3.66473932477649        0.0891301770487179
          3.66834812765662         0.088279604814239
          3.67195693053675        0.0875329583155562
          3.67556573341689         0.088441365299028
          3.67917453629702        0.0887664980893775
          3.68278333917716        0.0877190275841032
          3.68639214205729        0.0868909131317424
          3.69000094493743        0.0888113886928002
          3.69360974781756        0.0904281803042943
          3.69721855069769        0.0875108695023476
          3.70082735357783        0.0891530214620543
          3.70443615645796        0.0894045359999879
           3.7080449593381        0.0857371976217937
          3.71165376221823        0.0887230147905173
          3.71526256509837        0.0859627078890614
           3.7188713679785        0.0867562854583426
          3.72248017085864        0.0871526046762102
          3.72608897373877        0.0866127938998131
          3.72969777661891        0.0865146382496757
          3.73330657949904        0.0878486688971669
          3.73691538237917        0.0877386760729768
          3.74052418525931          0.08587703341409
          3.74413298813944        0.0882828278270648
          3.74774179101958        0.0861631566771313
          3.75135059389971        0.0867809350526063
          3.75495939677985         0.087113787749518
          3.75856819965998        0.0867649611791039
          3.76217700254011        0.0859884668512705
          3.76578580542025        0.0860388817013895
          3.76939460830038        0.0871979328653577
          3.77300341118052        0.0854930434604866
          3.77661221406065        0.0851338907941552
          3.78022101694079        0.0852860166934731
          3.78382981982092        0.0846925766965545
          3.78743862270106        0.0835287091057755
          3.79104742558119        0.0864369735156653
          3.79465622846132        0.0854945826010917
          3.79826503134146        0.0864540128854231
          3.80187383422159        0.0860554080843004
          3.80548263710173        0.0836994818702932
          3.80909143998186        0.0838217432250986
            3.812700242862        0.0838746248588561
          3.81630904574213        0.0848853495739872
          3.81991784862226        0.0848734230193061
           3.8235266515024        0.0835839360966528
          3.82713545438253         0.085769470240698
          3.83074425726267        0.0834928184304178
           3.8343530601428        0.0834828033053978
          3.83796186302294        0.0832197645215326
          3.84157066590307        0.0825556735528501
          3.84517946878321         0.082986988833965
          3.84878827166334        0.0842027617773959
          3.85239707454347         0.084358069271368
          3.85600587742361        0.0813740308081968
          3.85961468030374        0.0829733251892953
          3.86322348318388        0.0835261941050154
          3.86683228606401        0.0847657597025172
          3.87044108894415        0.0832628913041255
          3.87404989182428        0.0848578677733415
          3.87765869470442        0.0858399814900505
          3.88126749758455         0.084113449867961
          3.88487630046468        0.0831145176819223
          3.88848510334482        0.0812881829533898
          3.89209390622495         0.082857133340596
          3.89570270910509         0.082146282765407
          3.89931151198522        0.0821977990250475
          3.90292031486536        0.0824013959187286
          3.90652911774549        0.0825714804139196
          3.91013792062562        0.0843420226544123
          3.91374672350576        0.0821978941616836
          3.91735552638589        0.0827667624932225
          3.92096432926603         0.083628652327649
          3.92457313214616        0.0812929116673716
           3.9281819350263        0.0830590040539288
          3.93179073790643        0.0827577065374333
          3.93539954078657        0.0807292253515928
           3.9390083436667        0.0807348998614442
          3.94261714654683        0.0817013512420814
          3.94622594942697        0.0801648502931702
           3.9498347523071          0.08145792158866
          3.95344355518724        0.0826855893548672
          3.95705235806737        0.0821121525604305
          3.96066116094751        0.0823049112368812
          3.96426996382764        0.0815134398955115
          3.96787876670777        0.0816774308359603
          3.97148756958791        0.0811918306463495
          3.97509637246804        0.0801730861281642
          3.97870517534818        0.0818892183160587
          3.98231397822831        0.0826630623174209
          3.98592278110845        0.0810723789349388
          3.98953158398858        0.0796815571354652
          3.99314038686872        0.0802093310867122
          3.99674918974885        0.0812954691342658
          4.00035799262898         0.080135286636606
          4.00396679550912        0.0811133405893014
          4.00757559838925        0.0798966271842019
          4.01118440126939        0.0824018759810471
          4.01479320414952        0.0811259220068325
          4.01840200702966        0.0811579815719794
          4.02201080990979        0.0803097780491653
          4.02561961278993        0.0802763737600549
          4.02922841567006        0.0791903829321684
          4.03283721855019        0.0793065477410449
          4.03644602143033        0.0798823287192296
          4.04005482431046         0.078891051805985
           4.0436636271906        0.0818938046648037
          4.04727243007073        0.0802000161561622
          4.05088123295087        0.0789496519422145
            4.054490035831        0.0799091279204645
          4.05809883871114        0.0782499033046019
          4.06170764159127         0.078807006878023
           4.0653164444714        0.0793513552848567
          4.06892524735154        0.0807890118224519
          4.07253405023167        0.0775416671227689
          4.07614285311181        0.0804903899265978
          4.07975165599194        0.0794318369527081
          4.08336045887208        0.0801490276166884
          4.08696926175221        0.0782849379453115
          4.09057806463234        0.0779028631534227
          4.09418686751248        0.0799782077150809
          4.09779567039261        0.0791238371426115
          4.10140447327275        0.0776748874541722
          4.10501327615288        0.0786566287159835
          4.10862207903302        0.0784738447686457
          4.11223088191315        0.0764751429222655
          4.11583968479329        0.0800337053660856
          4.11944848767342        0.0782356910389554
          4.12305729055355        0.0793018986533877
          4.12666609343369        0.0794255145185637
          4.13027489631382        0.0782244173234747
          4.13388369919396        0.0792216275766809
          4.13749250207409        0.0769933827238899
          4.14110130495423         0.077976711295616
          4.14471010783436        0.0776853126912673
           4.1483189107145        0.0771965866489633
          4.15192771359463        0.0771364624530416
          4.15553651647476        0.0782400432892317
           4.1591453193549        0.0759501392416852
          4.16275412223503        0.0768711085918276
          4.16636292511517        0.0772417495839603
           4.1699717279953        0.0782180662697095
          4.17358053087544        0.0776546059431733
          4.17718933375557        0.0783940912885557
          4.18079813663571        0.0782047826635568
          4.18440693951584        0.0777500684788332
          4.18801574239597        0.0770807063362284
          4.19162454527611        0.0784490496792847
          4.19523334815624        0.0771135105149426
          4.19884215103638        0.0775793214401755
          4.20245095391651        0.0772546406628858
          4.20605975679665         0.075866947099018
          4.20966855967678        0.0766113643162241
          4.21327736255691        0.0759154652253956
          4.21688616543705         0.076861086268086
          4.22049496831718        0.0762298888761875
          4.22410377119732        0.0759568615025614
          4.22771257407745        0.0752953993690214
          4.23132137695759        0.0762371550084247
          4.23493017983772        0.0755440946023742
          4.23853898271786        0.0755032764648429
          4.24214778559799        0.0735863697721192
          4.24575658847812        0.0731466391124775
          4.24936539135826        0.0746794911935898
          4.25297419423839        0.0755034674872209
          4.25658299711853        0.0733923739459488
          4.26019179999866        0.0754669345105739
           4.2638006028788        0.0746682448628413
          4.26740940575893        0.0735661827382614
          4.27101820863906        0.0734082069113078
           4.2746270115192        0.0742726601900113
          4.27823581439933        0.0737492546702436
          4.28184461727947        0.0749775388596832
           4.2854534201596        0.0731452222621527
          4.28906222303974        0.0733968300121025
          4.29267102591987        0.0743836428319202
          4.29627982880001        0.0732553594514854
          4.29988863168014        0.0735207528828433
          4.30349743456028        0.0714726380961225
          4.30710623744041        0.0732506733702062
          4.31071504032054        0.0738249729975565
          4.31432384320068        0.0715439275357957
          4.31793264608081        0.0710002905593661
          4.32154144896095        0.0732376250732766
          4.32515025184108        0.0706767428060276
          4.32875905472122        0.0717743326053216
          4.33236785760135         0.071146574430258
          4.33597666048148        0.0720166342409578
          4.33958546336162        0.0714894273691671
          4.34319426624175        0.0698169895730889
          4.34680306912189        0.0705888579939776
          4.35041187200202        0.0716350641381523
          4.35402067488216        0.0707865389496598
          4.35762947776229        0.0698394972721721
          4.36123828064243        0.0714454355766273
          4.36484708352256        0.0700526471996407
          4.36845588640269        0.0711600526090171
          4.37206468928283        0.0714440554203945
          4.37567349216296        0.0696363105976994
           4.3792822950431        0.0713083481818249
          4.38289109792323        0.0705440233204648
          4.38649990080337        0.0692848908045259
           4.3901087036835        0.0705736778359284
          4.39371750656363        0.0696158320200925
          4.39732630944377        0.0690853504175402
           4.4009351123239        0.0706156834553823
          4.40454391520404        0.0686041996145004
          4.40815271808417        0.0705366480934516
          4.41176152096431        0.0685687641865059
          4.41537032384444        0.0697342505702062
          4.41897912672458        0.0687168851953889
          4.42258792960471        0.0692605034454206
          4.42619673248484        0.0681226265957244
          4.42980553536498        0.0683568834843756
          4.43341433824511        0.0678238540429113
          4.43702314112525        0.0685559393750546
          4.44063194400538        0.0665751183161746
          4.44424074688552        0.0682204711956365
          4.44784954976565        0.0680686595710317
          4.45145835264579        0.0681662428563194
          4.45506715552592        0.0681359086031137
          4.45867595840605        0.0676267907913364
          4.46228476128619        0.0674120027669756
          4.46589356416632        0.0688336170522413
          4.46950236704646        0.0686374209735649
          4.47311116992659         0.067073218946076
          4.47671997280673        0.0681014883289603
          4.48032877568686        0.0660104104678729
          4.48393757856699        0.0687053246272618
          4.48754638144713        0.0683896322267928
          4.49115518432726        0.0671064522646533
           4.4947639872074        0.0662799290883893
          4.49837279008753        0.0679370483235418
          4.50198159296767        0.0677054012307562
           4.5055903958478        0.0673253984962882
          4.50919919872794        0.0677746630033243
          4.51280800160807        0.0667645250721507
           4.5164168044882        0.0656913062360521
          4.52002560736834        0.0663610953538025
          4.52363441024847        0.0648977078779355
          4.52724321312861        0.0663552402637821
          4.53085201600874        0.0666951816639665
          4.53446081888888         0.065859391408804
          4.53806962176901        0.0657563471020284
          4.54167842464915        0.0662464122000317
          4.54528722752928        0.0661448142291377
          4.54889603040941        0.0645862271788728
          4.55250483328955        0.0664805624726243
          4.55611363616968        0.0648517569937238
          4.55972243904982        0.0649914321878906
          4.56333124192995         0.065514336164664
          4.56694004481009        0.0650097355555517
          4.57054884769022        0.0641782146102678
          4.57415765057035        0.0643368370562705
          4.57776645345049          0.06506070437207
          4.58137525633062        0.0640532683694008
          4.58498405921076        0.0649202079882334
          4.58859286209089        0.0645684695312662
          4.59220166497103        0.0641911715841225
          4.59581046785116        0.0642471316901617
           4.5994192707313        0.0640510748328648
          4.60302807361143        0.0625999603824477
          4.60663687649156        0.0633881563252321
           4.6102456793717        0.0636322848674408
          4.61385448225183        0.0624745957730843
          4.61746328513197        0.0631176248371725
           4.6210720880121         0.064482469963601
          4.62468089089224        0.0639657422270032
          4.62828969377237         0.063939505139215
          4.63189849665251        0.0635727350591802
          4.63550729953264        0.0625094271013818
          4.63911610241277        0.0640651644609687
          4.64272490529291         0.063487776533784
          4.64633370817304        0.0622499542273363
          4.64994251105318        0.0633948810238808
          4.65355131393331        0.0632689336266837
          4.65716011681345        0.0608995914635221
          4.66076891969358        0.0626422886539881
          4.66437772257371        0.0627885450659047
          4.66798652545385        0.0627697991433155
          4.67159532833398        0.0638006918976535
          4.67520413121412        0.0621079078375956
          4.67881293409425        0.0621222926619589
          4.68242173697439         0.061959691493815
          4.68603053985452         0.062566441014681
          4.68963934273466        0.0632163195983896
          4.69324814561479        0.0611289011889257
          4.69685694849492         0.060978963974153
          4.70046575137506         0.062080922842673
          4.70407455425519        0.0626518572606495
          4.70768335713533        0.0634698326995522
          4.71129216001546        0.0615946953694615
           4.7149009628956        0.0596800845795083
          4.71850976577573        0.0607765921767986
          4.72211856865586        0.0624468528532572
            4.725727371536        0.0612778770372893
          4.72933617441613         0.060498750074094
          4.73294497729627        0.0604779172975011
           4.7365537801764        0.0620778222710705
          4.74016258305654        0.0616996025231641
          4.74377138593667        0.0603268567030932
          4.74738018881681        0.0605056385863348
          4.75098899169694        0.0602363725730646
          4.75459779457707        0.0610017341834171
          4.75820659745721         0.060585607978078
          4.76181540033734        0.0603515624283174
          4.76542420321748        0.0611317969030259
          4.76903300609761        0.0602660453000967
          4.77264180897775        0.0599121288975662
          4.77625061185788        0.0591084783033958
          4.77985941473802        0.0591508291876125
          4.78346821761815        0.0596121215311771
          4.78707702049828        0.0601252205719967
          4.79068582337842        0.0600030734219056
          4.79429462625855        0.0607402320416899
          4.79790342913869        0.0600582080962994
          4.80151223201882        0.0601344987767865
          4.80512103489896        0.0598922706069077
          4.80872983777909        0.0602061392154039
          4.81233864065922        0.0588203047551929
          4.81594744353936        0.0606968791431239
          4.81955624641949        0.0593929592203787
          4.82316504929963        0.0593030207282676
          4.82677385217976        0.0591422087687656
           4.8303826550599        0.0591013065428335
          4.83399145794003        0.0588669271004194
          4.83760026082017        0.0584448244475739
           4.8412090637003        0.0587117363700156
          4.84481786658043        0.0594443142924671
          4.84842666946057        0.0585344439276137
           4.8520354723407        0.0581023262625656
          4.85564427522084        0.0586877037352386
          4.85925307810097        0.0596575086336348
          4.86286188098111        0.0582017311403122
          4.86647068386124        0.0575331614831735
          4.87007948674138        0.0583314900060156
          4.87368828962151        0.0582320315939158
          4.87729709250165        0.0574886268800178
          4.88090589538178        0.0588843929725368
          4.88451469826191        0.0575921513265135
          4.88812350114205        0.0578510104742442
          4.89173230402218        0.0591302167306301
          4.89534110690232        0.0584772381965253
          4.89894990978245        0.0579954844046464
          4.90255871266259        0.0588120430636331
          4.90616751554272        0.0569382177296913
          4.90977631842285        0.0566723433525667
          4.91338512130299        0.0575796050545244
          4.91699392418312        0.0562344086446915
          4.92060272706326        0.0570881716886347
          4.92421152994339         0.057626932543693
          4.92782033282353        0.0584534829082684
          4.93142913570366        0.0586573099044386
           4.9350379385838        0.0577747144174282
          4.93864674146393        0.0561967444828571
          4.94225554434406        0.0566879717041146
           4.9458643472242         0.058034797615516
          4.94947315010433        0.0576535585699508
          4.95308195298447        0.0573285000906454
           4.9566907558646        0.0572694806220787
          4.96029955874474        0.0572392026598326
          4.96390836162487        0.0568220341037616
            4.967517164505         0.058067378651502
          4.97112596738514        0.0563079485940481
          4.97473477026527        0.0576450524215364
          4.97834357314541        0.0578293972294408
          4.98195237602554        0.0561845798344206
          4.98556117890568        0.0567367758603429
          4.98916998178581        0.0560390193956646
          4.99277878466595        0.0567084035465261
          4.99638758754608        0.0550791008971941
          4.99999639042621        0.0560030328790319
          5.00360519330635        0.0560286508687976
          5.00721399618648        0.0562060801828704
          5.01082279906662        0.0573153754368075
          5.01443160194675        0.0561988275566864
          5.01804040482689        0.0568764531889014
          5.02164920770702        0.0545467518622862
          5.02525801058716        0.0570740953509806
          5.02886681346729         0.055378772630893
          5.03247561634742         0.056176653291814
          5.03608441922756        0.0559873511584884
          5.03969322210769        0.0545885245886896
          5.04330202498783        0.0542050892153557
          5.04691082786796        0.0550720681760385
           5.0505196307481        0.0555097615508917
          5.05412843362823        0.0548125225625184
          5.05773723650836        0.0556744149719115
           5.0613460393885        0.0555570792706846
          5.06495484226863        0.0555060902524299
          5.06856364514877        0.0555582480144402
           5.0721724480289        0.0552040201675074
          5.07578125090904        0.0548970954454868
          5.07939005378917        0.0559369542558523
          5.08299885666931        0.0545343540537554
          5.08660765954944        0.0558212909424763
          5.09021646242957        0.0539686408152148
          5.09382526530971        0.0543283534639724
          5.09743406818984         0.055591505823258
          5.10104287106998        0.0555696215959261
          5.10465167395011        0.0545252735949521
          5.10826047683025        0.0542595101313438
          5.11186927971038        0.0536573823460759
          5.11547808259052        0.0546482091502855
          5.11908688547065        0.0547307727560789
          5.12269568835078        0.0532748651253811
          5.12630449123092         0.053668601623085
          5.12991329411105        0.0542058700930728
          5.13352209699119        0.0548300073297826
          5.13713089987132        0.0535814372994583
          5.14073970275146        0.0532880136795821
          5.14434850563159         0.054921114631172
          5.14795730851172          0.05434004576138
          5.15156611139186        0.0543876071591887
          5.15517491427199        0.0530436379824002
          5.15878371715213        0.0549327194072399
          5.16239252003226        0.0533721503856203
           5.1660013229124        0.0539390012824688
          5.16961012579253        0.0544425491213013
          5.17321892867267        0.0536174143300829
           5.1768277315528        0.0546855170698477
          5.18043653443293        0.0533546563997063
          5.18404533731307        0.0536230874550668
           5.1876541401932        0.0530682984532264
          5.19126294307334        0.0531935294222763
          5.19487174595347        0.0542919390651157
          5.19848054883361        0.0542309098527917
          5.20208935171374         0.052977467286327
          5.20569815459388        0.0526913999103311
          5.20930695747401        0.0529460244391919
          5.21291576035414        0.0533081252870917
          5.21652456323428        0.0531690608367037
          5.22013336611441        0.0538148388071681
          5.22374216899455        0.0533315505391739
          5.22735097187468        0.0527313914953305
          5.23095977475482        0.0525354321000756
          5.23456857763495        0.0527985000613552
          5.23817738051508        0.0529952578786971
          5.24178618339522        0.0513296982852378
          5.24539498627535        0.0523679368735721
          5.24900378915549        0.0512658332608721
          5.25261259203562        0.0540736288973264
          5.25622139491576        0.0519186352337526
          5.25983019779589        0.0532425219372079
          5.26343900067603        0.0522921980660425
          5.26704780355616         0.052052807750307
          5.27065660643629        0.0527293572197417
          5.27426540931643        0.0524093544314229
          5.27787421219656        0.0540473374779812
           5.2814830150767        0.0518535790379702
          5.28509181795683        0.0525262415275391
          5.28870062083697        0.0532105667279241
           5.2923094237171        0.0532599004005364
          5.29591822659723         0.051642682387311
          5.29952702947737         0.051581642516431
           5.3031358323575        0.0518019503532728
          5.30674463523764        0.0533695149442063
          5.31035343811777        0.0521520779084918
          5.31396224099791        0.0529695746944949
          5.31757104387804         0.052136634020516
          5.32117984675818        0.0524840233252514
          5.32478864963831         0.050201783174689
          5.32839745251844        0.0521858869940773
          5.33200625539858        0.0502695711967057
          5.33561505827871        0.0521921465173887
          5.33922386115885        0.0516230272456885
          5.34283266403898        0.0517649245986386
          5.34644146691912        0.0528477731107212
          5.35005026979925        0.0527624995414291
          5.35365907267939        0.0518737050103033
          5.35726787555952        0.0523783468900663
          5.36087667843965        0.0510792035887365
          5.36448548131979        0.0516931351912102
          5.36809428419992        0.0514533131228152
          5.37170308708006        0.0514068237361277
          5.37531188996019        0.0516077067869973
          5.37892069284033        0.0505264961694199
          5.38252949572046        0.0508340709395797
          5.38613829860059        0.0508575326868326
          5.38974710148073        0.0510321628723145
          5.39335590436086        0.0515536334407496
            5.396964707241        0.0497520190574695
          5.40057351012113        0.0502728319715142
          5.40418231300127        0.0507340155878401
           5.4077911158814        0.0514064458622721
          5.41139991876154         0.051616007615738
          5.41500872164167        0.0495887379055044
           5.4186175245218         0.049837794639032
          5.42222632740194        0.0500195244814783
          5.42583513028207         0.051181592753035
          5.42944393316221        0.0506512523389682
          5.43305273604234        0.0501371578814285
          5.43666153892248        0.0490045762121791
          5.44027034180261        0.0512428417635887
          5.44387914468275         0.049052723328133
          5.44748794756288        0.0510771586775825
          5.45109675044302        0.0498108279215296
          5.45470555332315        0.0503868625069073
          5.45831435620328        0.0516324790437283
          5.46192315908342        0.0497198227180058
          5.46553196196355        0.0502980921344403
          5.46914076484369         0.050175897313213
          5.47274956772382        0.0504399950929765
          5.47635837060395        0.0507233894476113
          5.47996717348409        0.0516294056226818
          5.48357597636422        0.0504681858829507
          5.48718477924436        0.0486642816998867
          5.49079358212449        0.0493092964074617
          5.49440238500463        0.0500851437027722
          5.49801118788476        0.0495418420310574
           5.5016199907649        0.0516928617743667
          5.50522879364503        0.0496517287544134
          5.50883759652517        0.0496564129850278
           5.5124463994053        0.0490194674890261
          5.51605520228543        0.0490252820310472
          5.51966400516557        0.0493096652464519
           5.5232728080457        0.0504677470527639
          5.52688161092584        0.0481596796360271
          5.53049041380597        0.0505402327217694
          5.53409921668611        0.0492947274160619
          5.53770801956624        0.0493901715023689
          5.54131682244637        0.0486206079004482
          5.54492562532651         0.048540892653007
          5.54853442820664        0.0476669940382758
          5.55214323108678        0.0486054671586592
          5.55575203396691        0.0495023512201487
          5.55936083684705         0.049049613736309
          5.56296963972718         0.049633904837343
          5.56657844260732        0.0483036723904927
          5.57018724548745        0.0485559059461163
          5.57379604836758        0.0490002126778612
          5.57740485124772        0.0483184021690256
          5.58101365412785         0.048089237321039
          5.58462245700799        0.0487250923416134
          5.58823125988812         0.049642154891433
          5.59184006276826         0.048330190188264
          5.59544886564839        0.0482508022505862
          5.59905766852853        0.0488526219942963
          5.60266647140866        0.0489411732309261
          5.60627527428879        0.0485024504821327
          5.60988407716893         0.047953539453375
          5.61349288004906        0.0491584345407782
           5.6171016829292        0.0483798170809708
          5.62071048580933        0.0488038531067289
          5.62431928868947        0.0483337113657214
           5.6279280915696        0.0491163125972304
          5.63153689444973        0.0489332435877422
          5.63514569732987        0.0469930517166323
             5.63875450021        0.0477780801326516
          5.64236330309014        0.0473080307504727
          5.64597210597027        0.0495939337183178
          5.64958090885041        0.0490472398463752
          5.65318971173054        0.0486223527968693
          5.65679851461068        0.0492085594123025
          5.66040731749081        0.0495272451661384
          5.66401612037095         0.047046000619806
          5.66762492325108        0.0492784073601193
          5.67123372613121        0.0490913347295654
          5.67484252901135        0.0469056651806624
          5.67845133189148        0.0490143151880924
          5.68206013477162         0.048833382168439
          5.68566893765175        0.0494972319194299
          5.68927774053188        0.0489319300022746
          5.69288654341202        0.0471164059266972
          5.69649534629215        0.0484833561489497
          5.70010414917229        0.0476038086525211
          5.70371295205242         0.045798312547672
          5.70732175493256        0.0478950194622986
          5.71093055781269        0.0476073696119693
          5.71453936069283        0.0474812988392449
          5.71814816357296         0.045880699482712
          5.72175696645309        0.0478431490681822
          5.72536576933323        0.0468523926328557
          5.72897457221336        0.0460031897913848
           5.7325833750935        0.0467104731830465
          5.73619217797363        0.0461142661592993
          5.73980098085377        0.0472885322937044
           5.7434097837339         0.047700664959374
          5.74701858661404        0.0482264148872157
          5.75062738949417        0.0482488131480939
           5.7542361923743        0.0472933850743115
          5.75784499525444        0.0476071174139676
          5.76145379813457         0.047080309686945
          5.76506260101471        0.0463723923319445
          5.76867140389484        0.0475572160074132
          5.77228020677498        0.0484504051991356
          5.77588900965511        0.0479341022229832
          5.77949781253524        0.0457252254711133
          5.78310661541538        0.0473773060477328
          5.78671541829551        0.0469518823042717
          5.79032422117565        0.0457637748382989
          5.79393302405578         0.045249987065362
          5.79754182693592         0.047240404908186
          5.80115062981605        0.0479662290880827
          5.80475943269619        0.0462950619229148
          5.80836823557632        0.0478995000637224
          5.81197703845646        0.0458867968555902
          5.81558584133659        0.0450186654335672
          5.81919464421672        0.0468275278276542
          5.82280344709686        0.0467675305084991
          5.82641224997699         0.046079102221663
          5.83002105285713        0.0464452288194091
          5.83362985573726        0.0471745669030712
          5.83723865861739        0.0457281023000569
          5.84084746149753        0.0456493979697242
          5.84445626437766        0.0428209840580154
           5.8480650672578        0.0468765185966083
          5.85167387013793        0.0446527294934865
          5.85528267301807        0.0465251183548751
           5.8588914758982        0.0448115790862848
          5.86250027877834        0.0462631991085431
          5.86610908165847        0.0459957659646871
          5.86971788453861        0.0457832646662659
          5.87332668741874        0.0449457736353875
          5.87693549029887        0.0446781288190315
          5.88054429317901        0.0461008654007964
          5.88415309605914        0.0451062219107912
          5.88776189893928         0.043350110026116
          5.89137070181941        0.0461704145718713
          5.89497950469955        0.0462557398362032
          5.89858830757968        0.0441872812893625
          5.90219711045981        0.0449145509236371
          5.90580591333995        0.0446744888250636
          5.90941471622008        0.0475985303201202
          5.91302351910022        0.0436761832267664
          5.91663232198035        0.0446615978734211
          5.92024112486049        0.0457440215998537
          5.92384992774062        0.0443872849761415
          5.92745873062076          0.04637847034698
          5.93106753350089        0.0433847536850824
          5.93467633638102        0.0440472364187068
          5.93828513926116        0.0454076662413224
          5.94189394214129        0.0418479173823746
          5.94550274502143        0.0436025988212229
          5.94911154790156        0.0435734562989942
           5.9527203507817        0.0450180951084837
          5.95632915366183        0.0443213090677824
          5.95993795654197        0.0449640908881084
           5.9635467594221        0.0431936281188108
          5.96715556230223        0.0440649921833201
          5.97076436518237        0.0439441516455902
           5.9743731680625         0.044192445565019
          5.97798197094264        0.0435522097529982
          5.98159077382277        0.0437293250381738
           5.9851995767029        0.0427532384193649
          5.98880837958304        0.0423170647004055
          5.99241718246317        0.0438166160197759
          5.99602598534331        0.0448838252638492
          5.99963478822344        0.0458730853920038
          6.00324359110358        0.0437970707902273
          6.00685239398371        0.0426555345890576
          6.01046119686385        0.0433572815115053
          6.01406999974398        0.0444135169265373
          6.01767880262412        0.0414398898339287
          6.02128760550425        0.0430775451595222
          6.02489640838438        0.0427425008470813
          6.02850521126452        0.0427647844757059
          6.03211401414465        0.0438408527694092
          6.03572281702479         0.044222164671383
          6.03933161990492        0.0438209058320653
          6.04294042278506        0.0437260077341392
          6.04654922566519        0.0423767769604872
          6.05015802854532        0.0436114339725693
          6.05376683142546        0.0424948515350742
          6.05737563430559        0.0458650662655651
          6.06098443718573        0.0420364676299692
          6.06459324006586        0.0433973484539248
            6.068202042946        0.0418647143655067
          6.07181084582613        0.0425312671666517
          6.07541964870627        0.0425173067610952
           6.0790284515864        0.0440865433164005
          6.08263725446653        0.0434396651465739
          6.08624605734667        0.0436903362433523
           6.0898548602268        0.0431792139686175
          6.09346366310694        0.0437003090439576
          6.09707246598707        0.0415756655305926
          6.10068126886721        0.0424115996769311
          6.10429007174734        0.0412791622972871
          6.10789887462748        0.0426208925282559
          6.11150767750761        0.0436100052940861
          6.11511648038775        0.0411825733565595
          6.11872528326788        0.0407334906851178
          6.12233408614801        0.0423876177854578
          6.12594288902815        0.0411747679168862
          6.12955169190828        0.0409464109544704
          6.13316049478842        0.0425328386937674
          6.13676929766855        0.0425562890267632
          6.14037810054869        0.0411530103112053
          6.14398690342882        0.0406606655049492
          6.14759570630895         0.041353021146031
          6.15120450918909        0.0416517215855077
          6.15481331206922        0.0410282084182066
          6.15842211494936        0.0422981095697096
          6.16203091782949        0.0421851881300275
          6.16563972070963        0.0428253858682802
          6.16924852358976        0.0402337125553517
           6.1728573264699         0.041783854746088
          6.17646612935003        0.0434758527564603
          6.18007493223016        0.0428162862545887
           6.1836837351103        0.0427990288290743
          6.18729253799043        0.0424192774206689
          6.19090134087057         0.041875983655747
           6.1945101437507        0.0406361214470881
          6.19811894663084        0.0407770557225456
          6.20172774951097        0.0406937958040269
          6.20533655239111        0.0412719497105521
          6.20894535527124        0.0394460994198879
          6.21255415815137         0.041245683195257
          6.21616296103151        0.0397750127649282
          6.21977176391164        0.0421704639474716
          6.22338056679178        0.0408185227935672
          6.22698936967191        0.0418141466082086
          6.23059817255204        0.0411455977523061
          6.23420697543218          0.03968564453297
          6.23781577831231        0.0416898261980177
          6.24142458119245        0.0411597353871192
          6.24503338407258        0.0412964737115829
          6.24864218695272        0.0418944684088841
          6.25225098983285        0.0399350731069749
          6.25585979271299        0.0403869980504228
          6.25946859559312        0.0424111504609827
          6.26307739847326        0.0407058464019504
          6.26668620135339        0.0410253392272661
          6.27029500423352        0.0411301557506562
          6.27390380711366        0.0421979876981321
          6.27751260999379        0.0412357458739209
          6.28112141287393        0.0420533348497607
          6.28473021575406         0.039504021934032
           6.2883390186342        0.0396833848938552
          6.29194782151433        0.0401829381610639
          6.29555662439446        0.0427894860237827
           6.2991654272746         0.041414384285616
          6.30277423015473        0.0391452071131602
          6.30638303303487        0.0387863017130175
            6.309991835915         0.042284702229319
          6.31360063879514        0.0405899185746992
          6.31720944167527        0.0398700909225853
          6.32081824455541        0.0424347964041025
          6.32442704743554        0.0393667346274001
          6.32803585031567        0.0404654884646378
          6.33164465319581        0.0400747524077735
          6.33525345607594        0.0389806460619616
          6.33886225895608        0.0411781170729261
          6.34247106183621        0.0399796640202747
          6.34607986471635        0.0424887492592133
          6.34968866759648        0.0416072614145124
          6.35329747047662        0.0415680637734257
          6.35690627335675        0.0423650825385783
          6.36051507623688        0.0393099367971524
          6.36412387911702        0.0409308156116341
          6.36773268199715         0.039220648497828
          6.37134148487729        0.0389694108597907
          6.37495028775742         0.039646460020155
          6.37855909063755        0.0407459894627253
          6.38216789351769        0.0392802895178259
          6.38577669639782        0.0450310663148411
          6.38938549927796        0.0395591436510871
          6.39299430215809        0.0404461056646745
          6.39660310503823        0.0389470468189797
          6.40021190791836        0.0400494335095487
           6.4038207107985        0.0406551164515489
          6.40742951367863        0.0404595324766991
          6.41103831655877        0.0439050115494137
           6.4146471194389         0.039584786991137
          6.41825592231903         0.040439185869058
          6.42186472519917        0.0408369456771842
           6.4254735280793        0.0403671560487037
          6.42908233095944        0.0399142981391068
          6.43269113383957         0.041157281111107
          6.43629993671971        0.0393907367375328
          6.43990873959984        0.0377078049323347
          6.44351754247997        0.0390121851370172
          6.44712634536011        0.0421117306763343
          6.45073514824024        0.0381206114482615
          6.45434395112038        0.0379646185418668
          6.45795275400051        0.0403071140626118
          6.46156155688065        0.0390375747163831
          6.46517035976078        0.0424386275460508
          6.46877916264092        0.0396997532112162
          6.47238796552105        0.0409512118655067
          6.47599676840118        0.0414935819533452
          6.47960557128132        0.0399243053641665
          6.48321437416145        0.0421305833119202
          6.48682317704159         0.039348267861906
          6.49043197992172        0.0402714274379366
          6.49404078280186        0.0433379086141444
          6.49764958568199        0.0397827822805999
          6.50125838856213        0.0412600626246163
          6.50486719144226        0.0399774829043891
          6.50847599432239        0.0390065687470473
          6.51208479720253        0.0395215717171661
          6.51569360008266        0.0360931455542284
           6.5193024029628        0.0391946507998851
          6.52291120584293        0.0381576438979978
          6.52652000872307        0.0381332421277153
           6.5301288116032        0.0393131682793771
          6.53373761448333        0.0382408869179815
          6.53734641736347        0.0397816660854665
           6.5409552202436        0.0399485837031375
          6.54456402312374        0.0411761580285101
          6.54817282600387        0.0408610745946322
          6.55178162888401         0.040953649995787
          6.55539043176414        0.0399308481664056
          6.55899923464428        0.0411724949571351
          6.56260803752441        0.0424930441884975
          6.56621684040455        0.0373192607349886
          6.56982564328468         0.040924746779074
          6.57343444616481        0.0382120831615559
          6.57704324904495         0.038814408199884
          6.58065205192508        0.0416924270865723
          6.58426085480522        0.0402851144899752
          6.58786965768535        0.0402760598589093
          6.59147846056548        0.0387502970564985
          6.59508726344562        0.0408856382297151
          6.59869606632575        0.0376927672245064
          6.60230486920589        0.0395869390175042
          6.60591367208602        0.0401030923721296
          6.60952247496616        0.0414289315758611
          6.61313127784629         0.036847261532688
          6.61674008072643        0.0383143444467037
          6.62034888360656        0.0411066801869705
          6.62395768648669        0.0370608608558181
          6.62756648936683        0.0381516161330824
          6.63117529224696         0.037808592665615
           6.6347840951271        0.0369858309620479
          6.63839289800723        0.0366568451313416
          6.64200170088737        0.0419560633721073
           6.6456105037675        0.0414944318492685
          6.64921930664764         0.041224712648414
          6.65282810952777         0.037517446093309
          6.65643691240791        0.0400658635430995
          6.66004571528804        0.0388392464182013
          6.66365451816817        0.0353862521884546
          6.66726332104831        0.0371584688607766
          6.67087212392844        0.0373100050718972
          6.67448092680858        0.0385104428901805
          6.67808972968871        0.0384480466934035
          6.68169853256884          0.03953734942928
          6.68530733544898        0.0418212748444254
          6.68891613832911         0.038448489310525
          6.69252494120925        0.0380258015509289
          6.69613374408938        0.0394458105098352
          6.69974254696952        0.0383857673357817
          6.70335134984965         0.040349869251237