          0.04511003600168          30673.2787505342
         0.063154050402352           16497.031294735
        0.0739804590427552           6880.0676429825
        0.0884156705632928          2711.21087619773
        0.0956332763235617          2362.73911061162
         0.106459684963965          2270.12156985324
         0.124503699364637          679.986754631598
         0.131721305124906          776.791511944541
         0.138938910885174          706.708672939878
         0.142547713765309          523.359183131692
         0.149765319525578          395.591586052274
         0.156982925285846          335.279866788394
         0.164200531046115          314.445362059445
         0.175026939686519          151.528095903655
         0.178635742566653          179.891449204396
         0.185853348326922          178.351008274717
         0.189462151207056          136.840943319846
         0.193070954087191          92.2760533930429
         0.200288559847459          94.6018194264486
         0.203897362727594          77.9725789002933
         0.211114968487863          86.0959103904122
         0.218332574248131          68.8669408782918
         0.221941377128266          63.3115752151033
           0.2255501800084          48.1648662010674
         0.232767785768669          50.8804263629668
         0.236376588648803           55.453388505989
         0.247202997289207          33.6954370906375
         0.250811800169341          36.1972039174498
         0.254420603049475          35.0637680931853
          0.25802940592961          32.3755634132093
         0.261638208809744          31.4341806485584
         0.265247011689879          32.6270342857648
         0.268855814570013          28.0034056990668
         0.276073420330282          25.3689912905415
         0.279682223210416          24.4101644313208
         0.283291026090551            23.47118807981
         0.286899828970685          18.9359502235541
         0.290508631850819          17.7048495045143
         0.294117434730954          15.6881020853436
         0.301335040491223          21.0764075265952
         0.304943843371357          16.5445228979807
         0.308552646251491          14.3456362006092
         0.312161449131626          17.9260872389719
          0.31577025201176          12.7543824405026
         0.319379054891895          12.2488310849949
         0.326596660652163          11.5757662164029
         0.330205463532298          8.92038254732517
         0.333814266412432          8.41135203199719
         0.337423069292567           11.095630821799
         0.341031872172701          8.67693131765459
          0.34824947793297          9.76388836287032
         0.351858280813104          7.84584832512466
         0.355467083693239          10.1406391331187
         0.359075886573373          7.90124643254991
         0.362684689453507          6.50500626219426
         0.369902295213776          6.47541422030526
         0.373511098093911          6.89765753702965
         0.377119900974045          6.45109741298014
         0.380728703854179          7.48776889966044
         0.384337506734314          7.30042459649011
         0.387946309614448          4.27995060162391
         0.391555112494583           5.0891616123117
         0.395163915374717          5.26216960579448
         0.398772718254851          5.83422016149817
         0.402381521134986           5.6800487515008
          0.40599032401512          6.27336463485692
         0.409599126895255          5.07668749148245
         0.413207929775389          5.12042592463074
         0.416816732655523           6.2601169465578
         0.420425535535658           5.0660206104901
         0.424034338415792          4.36884465181428
         0.427643141295927          4.39210279476835
         0.431251944176061          4.75020342444806
         0.434860747056195          4.25056390060456
          0.43846954993633          4.12236979539578
         0.442078352816464          4.39651693147207
         0.445687155696599          4.27998244049871
         0.449295958576733          3.96471451280648
         0.452904761456867          3.61053668170161
         0.456513564337002          3.88953139986371
         0.460122367217136          3.93995115328762
         0.463731170097271          3.59010567933395
         0.467339972977405          3.51517668665717
         0.470948775857539          3.64458243301484
         0.474557578737674          2.93062104965866
         0.478166381617808          3.33697321869124
         0.481775184497943          3.70168916412214
         0.485383987378077          3.28224539221388
         0.488992790258211          3.19889575143969
         0.492601593138346          3.19733487464826
          0.49621039601848          3.22700689728399
         0.499819198898615          2.90408443471084
         0.503428001778749          3.13620284890148
         0.507036804658883          3.24534278833294
         0.510645607539018          2.98696160837933
         0.514254410419152          2.92108976713394
         0.517863213299287          2.63925160931653
         0.521472016179421          2.64040417135608
         0.525080819059556          2.41393453359482
          0.52868962193969          2.42438173987346
         0.532298424819824           2.5191075212319
         0.535907227699959          2.45483674874539
         0.539516030580093          2.29308763610702
         0.543124833460227          2.47158902121608
         0.546733636340362          2.46348808434151
         0.550342439220496          2.28905331007953
         0.553951242100631          2.61590325086892
         0.557560044980765          2.17082680902298
         0.561168847860899          1.98107738863576
         0.564777650741034          2.13015134245476
         0.568386453621168          2.24012824975195
         0.571995256501303          2.02880550549413
         0.575604059381437          1.91066688130422
         0.579212862261572          2.07318335384628
         0.582821665141706          2.17119658777023
          0.58643046802184          1.89604577654214
         0.590039270901975           2.1181287920233
         0.593648073782109          1.80630687636338
         0.597256876662243          1.94298429326527
         0.600865679542378          2.52690267180134
         0.604474482422512          1.85955790844252
         0.608083285302647          1.92589384326209
         0.611692088182781          1.74745223387855
         0.615300891062916          1.61051377935289
          0.61890969394305          2.04460492671062
         0.622518496823184          1.78375507251306
         0.626127299703319          1.58397304383568
         0.629736102583453           1.3692787358397
         0.633344905463587          1.92509261760998
         0.636953708343722          1.78750021222107
         0.640562511223856          1.58537076255973
         0.644171314103991          1.54315515199369
         0.647780116984125          1.38454876160009
          0.65138891986426           1.6905262963088
         0.654997722744394          1.52469077775678
         0.658606525624528          1.49206644595436
         0.662215328504663          1.63238502246955
         0.665824131384797          1.75169671182345
         0.669432934264932          1.47497935960663
         0.673041737145066          1.32631895984817
           0.6766505400252          1.34083185587561
         0.680259342905335           1.4973202410579
         0.683868145785469          1.48428772680961
         0.687476948665604          1.33266458703337
         0.691085751545738          1.50454579082272
         0.694694554425872          1.23653737857205
         0.698303357306007          1.37372026481898
         0.701912160186141          1.50022848027293
         0.705520963066276          1.54565544335088
          0.70912976594641          1.28746399321024
         0.712738568826544          1.36803751769828
         0.716347371706679          1.43953640620428
         0.719956174586813          1.34443438985767
         0.723564977466947          1.35377829867574
         0.727173780347082          1.32093048690948
         0.730782583227216          1.20389405714335
         0.734391386107351          1.35547466821486
         0.738000188987485          1.35998537944342
          0.74160899186762          1.25372081020659
         0.745217794747754          1.26409781860987
         0.748826597627889          1.15141276900273
         0.752435400508023          1.25350749026323
         0.756044203388157          1.27758101402538
         0.759653006268292           1.2419299257822
         0.763261809148426           1.2514537467331
          0.76687061202856          1.24265651339782
         0.770479414908695          1.20169074997258
         0.774088217788829          1.13106927095841
         0.777697020668964          1.24113967514883
         0.781305823549098          1.09673837126229
         0.784914626429232          1.14815653975639
         0.788523429309367          1.13300450744708
         0.792132232189501          1.14956438685623
         0.795741035069636          1.10594860475886
          0.79934983794977           1.0376856407768
         0.802958640829904          1.10405495128964
         0.806567443710039         0.990339075617662
         0.810176246590173          1.13813635461656
         0.813785049470308          1.12944901147526
         0.817393852350442          1.05412301604984
         0.821002655230576          1.16937902249433
         0.824611458110711          1.00142214757374
         0.828220260990845           1.0798980526774
          0.83182906387098          1.06341360963345
         0.835437866751114         0.992695753499772
         0.839046669631249          1.07292504699151
         0.842655472511383          1.06808342889179
         0.846264275391517          1.00534490733794
         0.849873078271652         0.883500283166454
         0.853481881151786         0.983779492610896
          0.85709068403192         0.967052192159126
         0.860699486912055         0.888908968981714
         0.864308289792189         0.954501634996318
         0.867917092672324         0.960392154156086
         0.871525895552458         0.928859750859467
         0.875134698432593         0.934225469268129
         0.878743501312727         0.887768623909657
         0.882352304192861         0.980338525491565
         0.885961107072996         0.877309848441269
          0.88956990995313         0.958538772376458
         0.893178712833264         0.872403867332022
         0.896787515713399         0.957204315041665
         0.900396318593533         0.901594898026333
         0.904005121473668         0.905760988488649
         0.907613924353802         0.869419066504513
         0.911222727233936         0.846180900714015
         0.914831530114071         0.929729294026831
         0.918440332994205         0.839154394765942
          0.92204913587434           0.7955093789128
         0.925657938754474         0.905185001361293
         0.929266741634609         0.822732212458309
         0.932875544514743         0.808290153001281
         0.936484347394877         0.831053543616871
         0.940093150275012         0.808001674486887
         0.943701953155146         0.852323654399489
          0.94731075603528         0.826594231160866
         0.950919558915415         0.813281185037691
         0.954528361795549         0.736814612998301
         0.958137164675684         0.753143554741483
         0.961745967555818         0.805217522178123
         0.965354770435953         0.767011356180635
         0.968963573316087         0.823699617581162
         0.972572376196221          0.84082149367339
         0.976181179076356          0.72412143821389
          0.97978998195649          0.79388054658921
         0.983398784836624         0.785726447711418
         0.987007587716759         0.695659423373723
         0.990616390596893         0.739320179342069
         0.994225193477028         0.731607236099676
         0.997833996357162         0.670778728759747
           1.0014427992373         0.760668455858665
          1.00505160211743         0.793768908415782
          1.00866040499757         0.771642021452763
           1.0122692078777         0.722932814318971
          1.01587801075783         0.711393300268308
          1.01948681363797         0.699396229771806
           1.0230956165181          0.66562043840202
          1.02670441939824         0.698930619525941
          1.03031322227837          0.74094799297168
          1.03392202515851         0.728170665956726
          1.03753082803864         0.688103751890711
          1.04113963091877         0.674356140672149
          1.04474843379891         0.685477303005486
          1.04835723667904          0.65292336762013
          1.05196603955918         0.658591127809281
          1.05557484243931         0.669270873930602
          1.05918364531945         0.657719476090744
          1.06279244819958         0.658026807744566
          1.06640125107972         0.629508805641579
          1.07001005395985          0.66400320991131
          1.07361885683998          0.63144408076247
          1.07722765972012          0.66521405572603
          1.08083646260025         0.627979144890081
          1.08444526548039          0.65966247382065
          1.08805406836052         0.670638697885847
          1.09166287124066         0.634390590019133
          1.09527167412079         0.667047089501291
          1.09888047700093          0.69108126428961
          1.10248927988106         0.594681577071073
          1.10609808276119         0.597645240380186
          1.10970688564133         0.583030476559174
          1.11331568852146         0.644023179502233
           1.1169244914016         0.586911117588139
          1.12053329428173         0.625681425734327
          1.12414209716187          0.60508958897905
            1.127750900042         0.599326534401791
          1.13135970292214         0.603960109002235
          1.13496850580227         0.635169821867007
           1.1385773086824         0.610237641920277
          1.14218611156254         0.546574298762821
          1.14579491444267         0.594024137473645
          1.14940371732281         0.560752957876344
          1.15301252020294         0.577930046772139
          1.15662132308308         0.591487440712211
          1.16023012596321         0.547648235417432
          1.16383892884334         0.564799066366893
          1.16744773172348         0.576070099438859
          1.17105653460361         0.543575579266941
          1.17466533748375         0.570804862428531
          1.17827414036388           0.5587587474946
          1.18188294324402         0.554291377340091
          1.18549174612415         0.568817460298162
          1.18910054900429         0.636152648782162
          1.19270935188442          0.55376102905552
          1.19631815476455         0.568654950805908
          1.19992695764469         0.557463128181032
          1.20353576052482         0.530236050242711
          1.20714456340496         0.517858767222641
          1.21075336628509          0.52113676912936
          1.21436216916523         0.527527538994874
          1.21797097204536         0.516121313331959
           1.2215797749255         0.530987676708864
          1.22518857780563         0.539772353652949
          1.22879738068576         0.517608176371666
           1.2324061835659         0.503576120343296
          1.23601498644603         0.505496384635939
          1.23962378932617         0.500180634049256
           1.2432325922063         0.496348330881963
          1.24684139508644         0.493166587982382
          1.25045019796657         0.523511366340637
           1.2540590008467         0.499785152270314
          1.25766780372684          0.49175742566093
          1.26127660660697         0.512541244952119
          1.26488540948711         0.497613077103801
          1.26849421236724         0.520713311884831
          1.27210301524738         0.464453046265213
          1.27571181812751         0.479814793274708
          1.27932062100765         0.503968939691441
          1.28292942388778         0.461050825200614
          1.28653822676791         0.475779295884667
          1.29014702964805         0.494766560336027
          1.29375583252818         0.480864060073027
          1.29736463540832         0.481700160385961
          1.30097343828845         0.457013737923615
          1.30458224116859         0.472347827714954
          1.30819104404872         0.456711822517626
          1.31179984692886         0.451617329158528
          1.31540864980899         0.463337717178075
          1.31901745268912         0.441759743471043
          1.32262625556926         0.445257689015527
          1.32623505844939          0.41956774459521
          1.32984386132953         0.437799153001687
          1.33345266420966         0.450531089853009
           1.3370614670898         0.459602388186108
          1.34067026996993         0.428756782771367
          1.34427907285006         0.444860986618591
           1.3478878757302         0.443690923487924
          1.35149667861033         0.455041979778116
          1.35510548149047         0.443832208801019
           1.3587142843706         0.424727264708134
          1.36232308725074         0.439390198989516
          1.36593189013087         0.462877778926507
          1.36954069301101         0.427324697393251
          1.37314949589114         0.430259361671926
          1.37675829877127          0.43053864848563
          1.38036710165141         0.427068607833863
          1.38397590453154         0.398442757655944
          1.38758470741168         0.403602372524324
          1.39119351029181         0.430995160058335
          1.39480231317195         0.415644766577192
          1.39841111605208         0.409684716137811
          1.40201991893222         0.420297294045205
          1.40562872181235         0.433540757905387
          1.40923752469248          0.39115324790254
          1.41284632757262          0.39793743245732
          1.41645513045275         0.396532719131633
          1.42006393333289         0.378058487329843
          1.42367273621302         0.395370925131741
          1.42728153909316         0.381135003528685
          1.43089034197329         0.410883647869501
          1.43449914485342         0.394232610934794
          1.43810794773356         0.398414604728949
          1.44171675061369         0.410789809853555
          1.44532555349383         0.394931034839507
          1.44893435637396          0.38329337416896
           1.4525431592541         0.407737475689729
          1.45615196213423         0.372130073292474
          1.45976076501437         0.398538243064467
           1.4633695678945         0.385763679665408
          1.46697837077463         0.391313218377479
          1.47058717365477         0.388328566387489
           1.4741959765349         0.416826345396505
          1.47780477941504         0.377403780463835
          1.48141358229517         0.359566651509845
          1.48502238517531         0.371428609795943
          1.48863118805544          0.37199501285052
          1.49223999093558         0.375647408040269
          1.49584879381571         0.363831428185549
          1.49945759669584         0.363344398634919
          1.50306639957598         0.375053908707732
          1.50667520245611         0.373139134595649
          1.51028400533625         0.355256293788036
          1.51389280821638         0.373617463595986
          1.51750161109652          0.36855693952431
          1.52111041397665         0.351906596007493
          1.52471921685678         0.358127054854987
          1.52832801973692         0.355227326937233
          1.53193682261705         0.360569236509401
          1.53554562549719         0.366510976801877
          1.53915442837732         0.351059249977488
          1.54276323125746         0.345522308006243
          1.54637203413759         0.368156029992381
          1.54998083701773         0.342336656328102
          1.55358963989786         0.363612943570729
          1.55719844277799         0.335180307062266
          1.56080724565813         0.337737242167992
          1.56441604853826         0.345606269760336
           1.5680248514184         0.350275046695188
          1.57163365429853         0.333078692291671
          1.57524245717867         0.334126985602837
           1.5788512600588          0.33707558447932
          1.58246006293893         0.335585380966884
          1.58606886581907         0.329169348802322
           1.5896776686992         0.329539121824067
          1.59328647157934         0.315391901328428
          1.59689527445947          0.32475103081295
          1.60050407733961         0.346590223120082
          1.60411288021974         0.324129973213215
          1.60772168309988          0.33904916338542
          1.61133048598001         0.338897745299782
          1.61493928886015         0.324080769702319
          1.61854809174028         0.330119064769282
          1.62215689462041           0.3189554040436
          1.62576569750055          0.31754451203824
          1.62937450038068         0.309159930776126
          1.63298330326082         0.328048184711144
          1.63659210614095         0.307517538924798
          1.64020090902109         0.308260376968659
          1.64380971190122         0.300805438286302
          1.64741851478135         0.338550137014821
          1.65102731766149         0.324657908241822
          1.65463612054162         0.312357686057484
          1.65824492342176         0.311676814280686
          1.66185372630189         0.302313379737428
          1.66546252918203         0.327792963204984
          1.66907133206216         0.316518587344437
           1.6726801349423         0.314201800420241
          1.67628893782243         0.307770466830083
          1.67989774070256         0.304800250781956
           1.6835065435827         0.330929327241968
          1.68711534646283         0.297994471778349
          1.69072414934297         0.301993829777855
           1.6943329522231         0.315114537991447
          1.69794175510324         0.284823133360435
          1.70155055798337          0.29137489269157
           1.7051593608635          0.29393532586709
          1.70876816374364         0.286345418707879
          1.71237696662377         0.299443341332055
          1.71598576950391         0.295847206088996
          1.71959457238404         0.292202637279806
          1.72320337526418          0.29171930872657
          1.72681217814431         0.308775704016443
          1.73042098102445         0.282176210551736
          1.73402978390458          0.28945252434127
          1.73763858678471         0.285916850006192
          1.74124738966485           0.2929740750989
          1.74485619254498         0.287564829710196
          1.74846499542512         0.295453936205625
          1.75207379830525         0.291481728577676
          1.75568260118539         0.274408077565176
          1.75929140406552         0.284760447843126
          1.76290020694566         0.280632027359623
          1.76650900982579         0.281522133799019
          1.77011781270592         0.269207456713181
          1.77372661558606         0.271191698438512
          1.77733541846619         0.282480576776452
          1.78094422134633         0.268416120006976
          1.78455302422646         0.282084158361463
           1.7881618271066          0.26423662439332
          1.79177062998673         0.272860504646406
          1.79537943286686         0.276938561093499
            1.798988235747         0.276573808829554
          1.80259703862713         0.279961959113928
          1.80620584150727         0.275892298772033
           1.8098146443874         0.257021257603915
          1.81342344726754         0.270255096645365
          1.81703225014767         0.261125465924303
          1.82064105302781         0.262336325029378
          1.82424985590794         0.268427253691536
          1.82785865878807           0.2609085585983
          1.83146746166821         0.256068146140299
          1.83507626454834         0.261574877967098
          1.83868506742848         0.255543205707398
          1.84229387030861         0.260415137271167
          1.84590267318875         0.259253152499096
          1.84951147606888         0.260706768756318
          1.85312027894902         0.261437513587784
          1.85672908182915         0.259814918788688
          1.86033788470928            0.250058404821
          1.86394668758942         0.253994532171937
          1.86755549046955         0.256282039334118
          1.87116429334969         0.257180939831113
          1.87477309622982         0.256588325376056
          1.87838189910996         0.249724381728239
          1.88199070199009         0.254132827119405
          1.88559950487022         0.252337509245422
          1.88920830775036         0.253011696108257
          1.89281711063049         0.256766235050933
          1.89642591351063         0.251734375607198
          1.90003471639076         0.241004676238717
           1.9036435192709         0.238927301829268
          1.90725232215103         0.242523733465213
          1.91086112503117         0.240970705519257
           1.9144699279113         0.245215099104487
          1.91807873079143          0.24164900433705
          1.92168753367157         0.238988838588452
           1.9252963365517         0.234687033386391
          1.92890513943184         0.248286014542758
          1.93251394231197         0.234031067616446
          1.93612274519211         0.239790207299103
          1.93973154807224         0.238688057216786
          1.94334035095238         0.242486170390567
          1.94694915383251         0.242372375882075
          1.95055795671264         0.239855765790913
          1.95416675959278         0.230621482530866
          1.95777556247291          0.23665957572353
          1.96138436535305         0.240662696904781
          1.96499316823318          0.23545677570283
          1.96860197111332         0.232986649737518
          1.97221077399345         0.239247224458626
          1.97581957687359         0.229934669068027
          1.97942837975372         0.242020426088835
          1.98303718263385         0.228153824019966
          1.98664598551399         0.226176463001225
          1.99025478839412         0.230734739909196
          1.99386359127426         0.225440045069225
          1.99747239415439         0.228185458225876
          2.00108119703453         0.227416875510922
          2.00468999991466          0.23558546424056
          2.00829880279479         0.229864872741116
          2.01190760567493         0.231112144449686
          2.01551640855506         0.219649317758332
           2.0191252114352         0.227682270035401
          2.02273401431533          0.22737804218295
          2.02634281719547         0.222061618320138
           2.0299516200756         0.222226548272929
          2.03356042295574         0.224474458162155
          2.03716922583587         0.206937136897078
            2.040778028716          0.22681492460045
          2.04438683159614         0.220234794926073
          2.04799563447627         0.228824647696678
          2.05160443735641         0.226225686365101
          2.05521324023654         0.217651052921159
          2.05882204311668         0.219823894647401
          2.06243084599681         0.217294384547531
          2.06603964887695         0.211199911589319
          2.06964845175708         0.212250644419153
          2.07325725463721          0.20836386258926
          2.07686605751735         0.209264378294067
          2.08047486039748         0.210247386512784
          2.08408366327762         0.206977633251709
          2.08769246615775          0.22244593367415
          2.09130126903789         0.213346544075058
          2.09491007191802         0.209556368243746
          2.09851887479815         0.215456715288535
          2.10212767767829         0.214211977344002
          2.10573648055842         0.205872161177835
          2.10934528343856         0.201707039026788
          2.11295408631869         0.201407105039409
          2.11656288919883         0.208463246207914
          2.12017169207896         0.211322946539996
           2.1237804949591         0.201994763166736
          2.12738929783923         0.203696641506436
          2.13099810071936         0.201252369879595
           2.1346069035995         0.206393630692962
          2.13821570647963          0.19932903118565
          2.14182450935977         0.202747294100549
           2.1454333122399         0.202717844334343
          2.14904211512004         0.211336224162063
          2.15265091800017         0.204600067270979
           2.1562597208803         0.207014999369275
          2.15986852376044          0.19762936352128
          2.16347732664057         0.194867427499597
          2.16708612952071         0.193230139373622
          2.17069493240084         0.199632333318037
          2.17430373528098         0.201302077571169
          2.17791253816111         0.196965836941815
          2.18152134104125         0.202001822912233
          2.18513014392138          0.19431437893169
          2.18873894680151         0.195409976185073
          2.19234774968165         0.195526838991945
          2.19595655256178         0.195928351951899
          2.19956535544192         0.199197857037234
          2.20317415832205         0.197219260418406
          2.20678296120219         0.198646862499247
          2.21039176408232          0.19835268451095
          2.21400056696246         0.192571823751721
          2.21760936984259         0.193096006731464
          2.22121817272272         0.190309172057152
          2.22482697560286         0.193212566385177
          2.22843577848299         0.193840436037372
          2.23204458136313         0.189634113124829
          2.23565338424326         0.184174452845459
           2.2392621871234         0.189966024344394
          2.24287099000353         0.192672816383577
          2.24647979288367          0.18932038709347
           2.2500885957638         0.190258253443471
          2.25369739864393         0.187297484266926
          2.25730620152407         0.184535293780491
           2.2609150044042         0.185513312197229
          2.26452380728434         0.185580525259123
          2.26813261016447         0.179595073665664
          2.27174141304461         0.188999078690952
          2.27535021592474         0.185829250178335
          2.27895901880487         0.185760850529385
          2.28256782168501         0.188829932938735
          2.28617662456514         0.187342746085018
          2.28978542744528         0.174858821501482
          2.29339423032541         0.182958233067447
          2.29700303320555         0.180024729979626
          2.30061183608568         0.180295379048873
          2.30422063896582         0.173210097913356
          2.30782944184595         0.179943083873283
          2.31143824472608         0.182511669175623
          2.31504704760622         0.176869190232713
          2.31865585048635         0.177525380580279
          2.32226465336649         0.181460319842616
          2.32587345624662         0.182779586716337
          2.32948225912676         0.176509129868827
          2.33309106200689         0.176796655866449
          2.33669986488703         0.173947573950624
          2.34030866776716         0.173492461540232
          2.34391747064729         0.182152958044814
          2.34752627352743         0.187535328296086
          2.35113507640756         0.176589098732972
           2.3547438792877          0.17699109474277
          2.35835268216783           0.1704813372999
          2.36196148504797         0.171653536296744
           2.3655702879281         0.174414654517747
          2.36917909080823          0.17416828153279
          2.37278789368837         0.171716758919288
           2.3763966965685         0.172488937120392
          2.38000549944864         0.168434596697912
          2.38361430232877         0.172336135666284
          2.38722310520891         0.171669175781172
          2.39083190808904         0.168113196383459
          2.39444071096918         0.171774410906019
          2.39804951384931         0.169110155932514
          2.40165831672944         0.165709768362913
          2.40526711960958         0.172459962235125
          2.40887592248971         0.172147868829795
          2.41248472536985         0.165293166764242
          2.41609352824998          0.17070008327674
          2.41970233113012         0.165075923307584
          2.42331113401025         0.168061661952179
          2.42691993689039         0.166835042005018
          2.43052873977052         0.166183922515791
          2.43413754265065         0.166367432483668
          2.43774634553079         0.163912387179651
          2.44135514841092         0.160240976203987
          2.44496395129106         0.163839210447876
          2.44857275417119         0.168715106993973
          2.45218155705133         0.163062393046251
          2.45579035993146          0.16705602776067
          2.45939916281159          0.16481767014024
          2.46300796569173         0.164233472427701
          2.46661676857186         0.160855431360475
            2.470225571452         0.163444356169374
          2.47383437433213          0.15852408223489
          2.47744317721227         0.165182695099434
           2.4810519800924         0.159580636935738
          2.48466078297254         0.159994714037157
          2.48826958585267         0.159405526544485
           2.4918783887328         0.160537503978003
          2.49548719161294         0.156038330052154
          2.49909599449307          0.15707177843945
          2.50270479737321         0.157856095175345
          2.50631360025334          0.15827535805258
          2.50992240313348         0.157110010681215
          2.51353120601361         0.156743459220058
          2.51714000889375         0.157633438088463
          2.52074881177388         0.159288886009219
          2.52435761465401         0.154722827531634
          2.52796641753415         0.155433597685014
          2.53157522041428         0.156870348482812
          2.53518402329442         0.158186351072413
          2.53879282617455          0.15223334503915
          2.54240162905469         0.157424414862624
          2.54601043193482         0.153039521776326
          2.54961923481495         0.156634293478398
          2.55322803769509         0.156071579037705
          2.55683684057522         0.152201598525477
          2.56044564345536         0.156563433756874
          2.56405444633549         0.152434258580946
          2.56766324921563         0.148371036491784
          2.57127205209576         0.150638083656565
           2.5748808549759          0.15514930166039
          2.57848965785603         0.147287058208148
          2.58209846073616         0.154910691450064
           2.5857072636163         0.150998756388054
          2.58931606649643         0.151164066373538
          2.59292486937657         0.148974489328994
           2.5965336722567         0.149254572920157
          2.60014247513684         0.152964757668878
          2.60375127801697         0.153491189850457
          2.60736008089711         0.150465040716391
          2.61096888377724         0.149264177210795
          2.61457768665737         0.146330209495502
          2.61818648953751         0.153292988727443
          2.62179529241764         0.150298658145672
          2.62540409529778         0.150484160388065
          2.62901289817791         0.152503755174669
          2.63262170105805         0.149226201009634
          2.63623050393818         0.146153916649224
          2.63983930681832         0.145140465099425
          2.64344810969845         0.143091661998735
          2.64705691257858          0.14773683720031
          2.65066571545872          0.14364609706773
          2.65427451833885         0.148575393191995
          2.65788332121899         0.143065342048856
          2.66149212409912         0.149428826240546
          2.66510092697926         0.146991349433763
          2.66870972985939         0.143592080464187
          2.67231853273952         0.139901194556268
          2.67592733561966         0.139442895659707
          2.67953613849979         0.143850654036741
          2.68314494137993         0.145115034997941
          2.68675374426006         0.142004220436642
           2.6903625471402         0.141591342532776
          2.69397135002033         0.147525488899079
          2.69758015290047         0.141149904068931
           2.7011889557806         0.141340595486083
          2.70479775866073         0.143060697056738
          2.70840656154087         0.141773275195318
            2.712015364421           0.1408878643327
          2.71562416730114         0.140599789793551
          2.71923297018127         0.140857066962356
          2.72284177306141         0.138366026855437
          2.72645057594154         0.137887327626088
          2.73005937882167         0.139421087394884
          2.73366818170181         0.141662766011022
          2.73727698458194         0.136464307619443
          2.74088578746208         0.140506181349241
          2.74449459034221         0.138117643869031
          2.74810339322235         0.137306732751592
          2.75171219610248         0.142129040877317
          2.75532099898262         0.137277490006631
          2.75892980186275         0.134818511821825
          2.76253860474288         0.138464645054259
          2.76614740762302         0.136027461734968
          2.76975621050315         0.137531870153195
          2.77336501338329         0.137424528247345
          2.77697381626342         0.140370583836126
          2.78058261914356          0.13529053175238
          2.78419142202369         0.137142007234524
          2.78780022490383         0.137256900631807
          2.79140902778396          0.13765498214344
          2.79501783066409         0.131410667629145
          2.79862663354423         0.136388510889205
          2.80223543642436         0.134063904732865
           2.8058442393045         0.132633612806983
          2.80945304218463         0.133733993019089
          2.81306184506477         0.132811483927751
           2.8166706479449         0.132988889808705
          2.82027945082503         0.137164321008321
          2.82388825370517         0.131463384168237
           2.8274970565853         0.132503315424909
          2.83110585946544         0.135054056230138
          2.83471466234557           0.1320099204108
          2.83832346522571         0.127825454299683
          2.84193226810584         0.129600387829236
          2.84554107098598         0.131333962113963
          2.84914987386611         0.129098573912969
          2.85275867674624         0.127105557615742
          2.85636747962638         0.129194829841945
          2.85997628250651         0.129514919077677
          2.86358508538665         0.134009931838535
          2.86719388826678         0.128494239632744
          2.87080269114692         0.127455156846319
          2.87441149402705         0.127312527187806
          2.87802029690719         0.130424250067951
          2.88162909978732         0.123650430359782
          2.88523790266745          0.12776238927138
          2.88884670554759         0.127056116191706
          2.89245550842772         0.127370687634348
          2.89606431130786         0.126265756363874
          2.89967311418799         0.128541005115922
          2.90328191706813         0.127280386159431
          2.90689071994826         0.129692412174591
          2.91049952282839         0.125747337302711
          2.91410832570853         0.129234108022645
          2.91771712858866         0.127430320800495
           2.9213259314688         0.125248281889141
          2.92493473434893         0.128172036870143
          2.92854353722907           0.1257594006106
           2.9321523401092         0.123733403120693
          2.93576114298934         0.126618676742728
          2.93936994586947         0.122752750490972
           2.9429787487496         0.122175473943862
          2.94658755162974         0.126455527001753
          2.95019635450987         0.122996517464923
          2.95380515739001         0.124658639555224
          2.95741396027014         0.123780459084627
          2.96102276315028         0.125945426298203
          2.96463156603041         0.121803195716228
          2.96824036891055         0.124938812319052
          2.97184917179068         0.127978539340858
          2.97545797467081         0.125344022920285
          2.97906677755095          0.11971976946256
          2.98267558043108          0.12259555757641
          2.98628438331122         0.120693385321519
          2.98989318619135         0.122991957755541
          2.99350198907149         0.120348192442629
          2.99711079195162         0.119119016458754
          3.00071959483176         0.121123258034921
          3.00432839771189         0.121324575496965
          3.00793720059202          0.12200748644632
          3.01154600347216         0.121260623938129
          3.01515480635229         0.119664228133365
          3.01876360923243         0.120872282463781
          3.02237241211256         0.118435356260618
           3.0259812149927          0.12028311753775
          3.02959001787283         0.120573713999431
          3.03319882075296         0.118407347670147
           3.0368076236331         0.118397583276584
          3.04041642651323         0.119172166893446
          3.04402522939337         0.116986579917747
           3.0476340322735         0.120087016106874
          3.05124283515364         0.116729179307938
          3.05485163803377         0.118450911376089
          3.05846044091391         0.117933095168125
          3.06206924379404         0.120296163609857
          3.06567804667417         0.118404166112598
          3.06928684955431         0.114921957364432
          3.07289565243444          0.11539037462809
          3.07650445531458         0.115913719681977
          3.08011325819471         0.117695704498012
          3.08372206107485         0.118834302548337
          3.08733086395498          0.11684878717107
          3.09093966683511         0.116892153939673
          3.09454846971525         0.116608513386371
          3.09815727259538         0.110833316072905
          3.10176607547552         0.116559570641983
          3.10537487835565         0.117971802078475
          3.10898368123579         0.115710189944926
          3.11259248411592         0.114776739678649
          3.11620128699606         0.115067138492955
          3.11981008987619         0.112904730606722
          3.12341889275632          0.11246314904774
          3.12702769563646         0.118053696920086
          3.13063649851659         0.116963258527663
          3.13424530139673         0.115679044774615
          3.13785410427686         0.115682756603165
            3.141462907157         0.114223823365844
          3.14507171003713         0.114460827531453
          3.14868051291727         0.112576904395097
           3.1522893157974         0.113727470443884
          3.15589811867753         0.112702481295048
          3.15950692155767         0.111893010470656
           3.1631157244378         0.111277497576725
          3.16672452731794         0.113626516022231
          3.17033333019807         0.114933155792444
          3.17394213307821         0.110735144653984
          3.17755093595834         0.111932293314246
          3.18115973883848         0.114004708488897
          3.18476854171861         0.114135687723431
          3.18837734459874         0.113271276598073
          3.19198614747888         0.112180323838785
          3.19559495035901         0.110366644878747
          3.19920375323915         0.112580076601431
          3.20281255611928         0.109896725291571
          3.20642135899942         0.111293168107908
          3.21003016187955         0.111130071144658
          3.21363896475968         0.111506486461702
          3.21724776763982         0.109861644420303
          3.22085657051995         0.109222497501075
          3.22446537340009         0.109582229231742
          3.22807417628022         0.109380265271923
          3.23168297916036         0.106774468542995
          3.23529178204049         0.107779687567122
          3.23890058492063         0.107425142497583
          3.24250938780076         0.109082951868525
          3.24611819068089         0.108363960149239
          3.24972699356103         0.105218653843284
          3.25333579644116         0.112016006565042
           3.2569445993213         0.109477297998123
          3.26055340220143         0.107182849929338
          3.26416220508157         0.109034082217276
           3.2677710079617          0.11000827082413
          3.27137981084184         0.107972111295575
          3.27498861372197          0.10744957587414
           3.2785974166021          0.10844354383993
          3.28220621948224         0.107873418569277
          3.28581502236237         0.107774076653833
          3.28942382524251         0.109122048389283
          3.29303262812264         0.108119681331896
          3.29664143100278          0.10857962857897
          3.30025023388291         0.105064643213829
          3.30385903676305         0.107295588054355
          3.30746783964318         0.105213985537417
          3.31107664252331         0.105350975175879
          3.31468544540345         0.108392228298322
          3.31829424828358          0.10392108071998
          3.32190305116372          0.10585584207154
          3.32551185404385          0.10572663795645
          3.32912065692399         0.106413513182393
          3.33272945980412         0.103194931244974
          3.33633826268425          0.10524039162727
          3.33994706556439          0.10685435871593
          3.34355586844452         0.105370058614803
          3.34716467132466         0.105209906091426
          3.35077347420479         0.105416631009074
          3.35438227708493         0.105874660922013
          3.35799107996506         0.103775601102216
           3.3615998828452          0.10736517657679
          3.36520868572533         0.103913849559928
          3.36881748860546         0.102058475529431
           3.3724262914856         0.100747502739224
          3.37603509436573         0.104136943632916
          3.37964389724587         0.101016981179754
            3.383252700126        0.0996388080075779
          3.38686150300614         0.103633851710762
          3.39047030588627         0.103044249467746
           3.3940791087664          0.10464224321554
          3.39768791164654          0.10312273188989
          3.40129671452667         0.101535382613149
          3.40490551740681         0.103961903858831
          3.40851432028694         0.103555333010027
          3.41212312316708            0.101942510479
          3.41573192604721         0.103314240937675
          3.41934072892735          0.10349781665817
          3.42294953180748         0.101024001517836
          3.42655833468761        0.0990688095607293
          3.43016713756775         0.101482599072468
          3.43377594044788         0.104039908977416
          3.43738474332802         0.101282121691268
          3.44099354620815         0.101181636658113
          3.44460234908829         0.100960472980405
          3.44821115196842         0.100810605623929
          3.45181995484856         0.101893071374854
          3.45542875772869         0.101409582499855
          3.45903756060882         0.101158873459151
          3.46264636348896         0.098650641173379
          3.46625516636909        0.0998704988724053
          3.46986396924923        0.0991222872186296
          3.47347277212936        0.0980865896695233
           3.4770815750095         0.099817417534671
          3.48069037788963         0.100864144999041
          3.48429918076976          0.10021726109704
           3.4879079836499         0.100819155196365
          3.49151678653003         0.100697760817415
          3.49512558941017        0.0978124448759167
           3.4987343922903         0.100864447309922
          3.50234319517044        0.0986510842267528
          3.50595199805057         0.100142485065138
          3.50956080093071        0.0974154342021529
          3.51316960381084        0.0993641666397878
          3.51677840669097         0.096711209730235
          3.52038720957111         0.098796456627163
          3.52399601245124        0.0981856820621981
          3.52760481533138         0.104022728695348
          3.53121361821151        0.0976187447772051
          3.53482242109165        0.0971841274491849
          3.53843122397178         0.097748925173475
          3.54204002685191         0.097718779076552
          3.54564882973205        0.0997306902104589
          3.54925763261218        0.0985550899739694
          3.55286643549232        0.0967188165891612
          3.55647523837245        0.0987982243395259
          3.56008404125259        0.0969660538485477
          3.56369284413272        0.0973283942011032
          3.56730164701286        0.0981181339324149
          3.57091044989299        0.0993014538098817
          3.57451925277313        0.0973948681453798
          3.57812805565326         0.096195947295969
          3.58173685853339        0.0962786273359555
          3.58534566141353        0.0971968714431204
          3.58895446429366        0.0946120904704819
           3.5925632671738        0.0968217292194847
          3.59617207005393        0.0961668338636112
          3.59978087293407         0.096978160295605
           3.6033896758142        0.0953629976036622
          3.60699847869433         0.095698457906916
          3.61060728157447        0.0962920133663339
           3.6142160844546        0.0970573460278932
          3.61782488733474        0.0952708105430079
          3.62143369021487        0.0952453622361926
          3.62504249309501        0.0942377216602692
          3.62865129597514        0.0950996087493272
          3.63226009885528        0.0950567607186751
          3.63586890173541        0.0938108228042946
          3.63947770461554        0.0952814485492083
          3.64308650749568        0.0925846663258123
          3.64669531037581        0.0952525846279123
          3.65030411325595        0.0945350259257844
          3.65391291613608        0.0961224231947173
          3.65752171901622        0.0918015978539813
          3.66113052189635        0.0920748601076899
          3.66473932477649        0.0934773281444049
          3.66834812765662          0.09320437370668
          3.67195693053675        0.0940953260930351
          3.67556573341689        0.0942462242466135
          3.67917453629702        0.0948055219408961
          3.68278333917716        0.0962921705771007
          3.68639214205729         0.094040238914391
          3.69000094493743        0.0929366748441248
          3.69360974781756        0.0923743067078623
          3.69721855069769        0.0935660832955521
          3.70082735357783        0.0935224047957681
          3.70443615645796        0.0926731977329547
           3.7080449593381        0.0935892667451531
          3.71165376221823        0.0927017105220584
          3.71526256509837        0.0932575323513314
           3.7188713679785        0.0938807791543683
          3.72248017085864        0.0914202300340543
          3.72608897373877        0.0917321135098297
          3.72969777661891        0.0919336260194854
          3.73330657949904         0.091647166146957
          3.73691538237917         0.093497909598705
          3.74052418525931        0.0915254098258755
          3.74413298813944        0.0916037870140811
          3.74774179101958        0.0937492117000664
          3.75135059389971        0.0898965756157947
          3.75495939677985         0.093534976996533
          3.75856819965998        0.0920688980765723
          3.76217700254011        0.0920685988976756
          3.76578580542025         0.090638579827182
          3.76939460830038        0.0911484633651554
          3.77300341118052        0.0903252779875961
          3.77661221406065        0.0918830140467751
          3.78022101694079        0.0900048968937627
          3.78382981982092        0.0908079863254277
          3.78743862270106         0.089227242047386
          3.79104742558119        0.0930031047870148
          3.79465622846132        0.0895800262372906
          3.79826503134146        0.0895554470216061
          3.80187383422159        0.0926078087309575
          3.80548263710173        0.0912996145715999
          3.80909143998186         0.089374014798474
            3.812700242862        0.0901460898889635
          3.81630904574213        0.0906814632492332
          3.81991784862226        0.0885167576567278
           3.8235266515024        0.0898072901420423
          3.82713545438253        0.0894947194232888
          3.83074425726267        0.0894110173431353
           3.8343530601428        0.0899737860876267
          3.83796186302294        0.0897470106227714
          3.84157066590307        0.0888277487226272
          3.84517946878321        0.0886381504758736
          3.84878827166334        0.0865676879415983
          3.85239707454347        0.0875484266755443
          3.85600587742361        0.0895285114824276
          3.85961468030374        0.0899315270693677
          3.86322348318388        0.0866175111411049
          3.86683228606401        0.0877442433672953
          3.87044108894415        0.0875387447455219
          3.87404989182428        0.0897644580154544
          3.87765869470442          0.08830384427934
          3.88126749758455        0.0899236990230075
          3.88487630046468        0.0900407592554457
          3.88848510334482        0.0887178105614639
          3.89209390622495         0.086809321746777
          3.89570270910509        0.0877683064923417
          3.89931151198522        0.0881722739475078
          3.90292031486536        0.0867410628444324
          3.90652911774549         0.086639106496148
          3.91013792062562        0.0880780754816522
          3.91374672350576         0.086360524023215
          3.91735552638589        0.0886928610252239
          3.92096432926603        0.0854548105992584
          3.92457313214616         0.086870128537568
           3.9281819350263        0.0878586379319443
          3.93179073790643        0.0895794678648449
          3.93539954078657        0.0870952027291231
           3.9390083436667        0.0862180621897458
          3.94261714654683        0.0861884412890284
          3.94622594942697        0.0857324407510837
           3.9498347523071        0.0856138584733447
          3.95344355518724        0.0864234274074288
          3.95705235806737        0.0851254013403146
          3.96066116094751         0.086784106164847
          3.96426996382764        0.0884448666795244
          3.96787876670777        0.0860163755013696
          3.97148756958791        0.0853203220085839
          3.97509637246804        0.0855475924754579
          3.97870517534818        0.0863067964399574
          3.98231397822831        0.0861271049482391
          3.98592278110845         0.083674573665809
          3.98953158398858        0.0858913706248438
          3.99314038686872        0.0858923509698418
          3.99674918974885        0.0853218353643153
          4.00035799262898         0.085757982157502
          4.00396679550912        0.0864988013248214
          4.00757559838925        0.0848712471434351
          4.01118440126939        0.0871037420682756
          4.01479320414952        0.0853277793877873
          4.01840200702966        0.0846020572651411
          4.02201080990979        0.0873679577498269
          4.02561961278993        0.0834334894264677
          4.02922841567006        0.0847244194494722
          4.03283721855019        0.0844924170452448
          4.03644602143033         0.085260482722855
          4.04005482431046        0.0856551519239558
           4.0436636271906         0.084640115181864
          4.04727243007073          0.08527886269621
          4.05088123295087        0.0862189338904242
            4.054490035831        0.0862408112174635
          4.05809883871114        0.0846704665133111
          4.06170764159127        0.0844360131804486
           4.0653164444714        0.0828909449775931
          4.06892524735154         0.083498673730832
          4.07253405023167        0.0840192526391191
          4.07614285311181        0.0823825693808189
          4.07975165599194        0.0864278506871763
          4.08336045887208        0.0844811390062325
          4.08696926175221        0.0840367140697611
          4.09057806463234        0.0825499673430939
          4.09418686751248        0.0846477109169107
          4.09779567039261          0.08292940741867
          4.10140447327275         0.083001519401198
          4.10501327615288        0.0864146600941156
          4.10862207903302        0.0841487843645471
          4.11223088191315        0.0825491630222519
          4.11583968479329        0.0822210168112154
          4.11944848767342        0.0837165377402578
          4.12305729055355        0.0838295970411797
          4.12666609343369        0.0832825539167911
          4.13027489631382        0.0841880089028217
          4.13388369919396        0.0833027805697581
          4.13749250207409        0.0826558222232608
          4.14110130495423        0.0838410603992855
          4.14471010783436        0.0842392748205937
           4.1483189107145        0.0829235595210622
          4.15192771359463        0.0836968844022929
          4.15553651647476        0.0818846349922556
           4.1591453193549        0.0817199820788825
          4.16275412223503        0.0834995607293417
          4.16636292511517        0.0817813460262987
           4.1699717279953        0.0832386276219672
          4.17358053087544        0.0826810787850828
          4.17718933375557        0.0824109308186683
          4.18079813663571        0.0830408949171646
          4.18440693951584        0.0816826469251784
          4.18801574239597        0.0813524757971024
          4.19162454527611        0.0812089507479951
          4.19523334815624        0.0828699570227391
          4.19884215103638         0.081089438002837
          4.20245095391651        0.0810574304447968
          4.20605975679665        0.0818242211714709
          4.20966855967678        0.0805411413125948
          4.21327736255691        0.0793736891228792
          4.21688616543705        0.0814556572794825
          4.22049496831718        0.0818393581634971
          4.22410377119732        0.0814884253277368
          4.22771257407745        0.0810624150094936
          4.23132137695759        0.0805296520538025
          4.23493017983772         0.080277272162623
          4.23853898271786        0.0783428715226972
          4.24214778559799         0.079608651862796
          4.24575658847812        0.0783204432812742
          4.24936539135826        0.0798579676493854
          4.25297419423839        0.0811819366137839
          4.25658299711853         0.080057731177325
          4.26019179999866        0.0803643119213074
           4.2638006028788        0.0789077839727491
          4.26740940575893        0.0798429951380062
          4.27101820863906        0.0779267586851319
           4.2746270115192         0.078188018933014
          4.27823581439933        0.0782919870885684
          4.28184461727947        0.0769139443990965
           4.2854534201596        0.0784262586188393
          4.28906222303974        0.0785022845368839
          4.29267102591987        0.0768175253846564
          4.29627982880001        0.0784503327758995
          4.29988863168014        0.0773468952585237
          4.30349743456028        0.0773788987444049
          4.30710623744041        0.0774426064470151
          4.31071504032054        0.0771588859355457
          4.31432384320068        0.0775391643810509
          4.31793264608081        0.0764314890321243
          4.32154144896095        0.0784084617620768
          4.32515025184108        0.0760116949162772
          4.32875905472122        0.0776080722623151
          4.33236785760135        0.0764813677532149
          4.33597666048148        0.0752889065193209
          4.33958546336162        0.0771149603894114
          4.34319426624175        0.0752298305775052
          4.34680306912189        0.0768862127846233
          4.35041187200202        0.0767595601767249
          4.35402067488216        0.0753798044203952
          4.35762947776229        0.0758036716329399
          4.36123828064243        0.0754413832940184
          4.36484708352256        0.0751892982165121
          4.36845588640269        0.0763211138936583
          4.37206468928283        0.0746256832142047
          4.37567349216296         0.075623109452486
           4.3792822950431        0.0733412449853245
          4.38289109792323        0.0746199750508028
          4.38649990080337        0.0745461540357491
           4.3901087036835        0.0736632906903377
          4.39371750656363        0.0742387056672818
          4.39732630944377        0.0742816729042088
           4.4009351123239        0.0742024742875042
          4.40454391520404        0.0730917001147432
          4.40815271808417        0.0749380009520424
          4.41176152096431        0.0748779205468892
          4.41537032384444        0.0727448660409704
          4.41897912672458        0.0724376160586376
          4.42258792960471        0.0732116961532417
          4.42619673248484         0.073468471366499
          4.42980553536498        0.0744031113243181
          4.43341433824511        0.0729275131146605
          4.43702314112525        0.0726093913548838
          4.44063194400538        0.0735031265224688
          4.44424074688552        0.0713615264918844
          4.44784954976565        0.0726278058448121
          4.45145835264579        0.0714563371947483
          4.45506715552592        0.0732159280926785
          4.45867595840605        0.0711314066200867
          4.46228476128619        0.0728055795476358
          4.46589356416632        0.0720947949378256
          4.46950236704646        0.0711642114000249
          4.47311116992659        0.0717929773519104
          4.47671997280673        0.0722202393185267
          4.48032877568686         0.072698764535885
          4.48393757856699        0.0713880914892616
          4.48754638144713        0.0720237868340707
          4.49115518432726        0.0721367723985294
           4.4947639872074        0.0711357803932803
          4.49837279008753        0.0718476953541825
          4.50198159296767        0.0700039525656841
           4.5055903958478        0.0711315212892693
          4.50919919872794        0.0710567858042786
          4.51280800160807        0.0715161850446899
           4.5164168044882        0.0709210498683788
          4.52002560736834        0.0712619456155445
          4.52363441024847        0.0697968217995318
          4.52724321312861        0.0725863356598145
          4.53085201600874          0.06872344994985
          4.53446081888888        0.0730304789331533
          4.53806962176901        0.0696103333558644
          4.54167842464915        0.0699065291579518
          4.54528722752928        0.0696273533585101
          4.54889603040941        0.0684683607333782
          4.55250483328955        0.0717997514054819
          4.55611363616968        0.0680508120234755
          4.55972243904982        0.0716029462835489
          4.56333124192995        0.0704278383768972
          4.56694004481009        0.0709354877904032
          4.57054884769022        0.0696646658449871
          4.57415765057035        0.0684023420137477
          4.57776645345049        0.0693890632881108
          4.58137525633062        0.0687358373155882
          4.58498405921076        0.0700397917846102
          4.58859286209089        0.0682722405711201
          4.59220166497103        0.0689010552643972
          4.59581046785116        0.0696585056996712
           4.5994192707313        0.0698892023515943
          4.60302807361143        0.0690241153769479
          4.60663687649156        0.0685752246933421
           4.6102456793717        0.0687334291185391
          4.61385448225183        0.0684635365195963
          4.61746328513197        0.0679312433804153
           4.6210720880121        0.0686099985986484
          4.62468089089224         0.067837834398248
          4.62828969377237        0.0688367020595419
          4.63189849665251        0.0672587880868165
          4.63550729953264        0.0669366520605718
          4.63911610241277        0.0680859160784115
          4.64272490529291         0.067793162289067
          4.64633370817304        0.0677651642597129
          4.64994251105318        0.0670463199972003
          4.65355131393331        0.0670924805003638
          4.65716011681345        0.0670108417645725
          4.66076891969358        0.0677812565245508
          4.66437772257371        0.0661104719631697
          4.66798652545385        0.0669160615356863
          4.67159532833398        0.0679502794302356
          4.67520413121412        0.0664292289181002
          4.67881293409425        0.0675607742609558
          4.68242173697439        0.0669906460404852
          4.68603053985452        0.0667990156282261
          4.68963934273466         0.064713556317737
          4.69324814561479        0.0663492163750398
          4.69685694849492        0.0665314423871531
          4.70046575137506        0.0666682328832549
          4.70407455425519        0.0659122026482672
          4.70768335713533        0.0662739081239658
          4.71129216001546        0.0659882437745781
           4.7149009628956        0.0652886152760019
          4.71850976577573        0.0653667161289193
          4.72211856865586        0.0654697729936893
            4.725727371536        0.0665921621074959
          4.72933617441613        0.0658020258575143
          4.73294497729627        0.0646430223411269
           4.7365537801764        0.0654870951796204
          4.74016258305654        0.0649242028714842
          4.74377138593667        0.0650297151022717
          4.74738018881681        0.0653124977562288
          4.75098899169694         0.064234210642679
          4.75459779457707        0.0650007676459405
          4.75820659745721        0.0658070488178391
          4.76181540033734        0.0643046474459971
          4.76542420321748        0.0638977497096373
          4.76903300609761        0.0647032915838506
          4.77264180897775        0.0648880138868719
          4.77625061185788         0.066301548699212
          4.77985941473802        0.0653852937077128
          4.78346821761815        0.0645743560314589
          4.78707702049828        0.0657244182820549
          4.79068582337842        0.0633353035874434
          4.79429462625855        0.0651171820236027
          4.79790342913869        0.0635331617269528
          4.80151223201882        0.0642663424837465
          4.80512103489896        0.0637439607179933
          4.80872983777909         0.065112231904529
          4.81233864065922        0.0636680153323855
          4.81594744353936        0.0632100111300266
          4.81955624641949        0.0635168894244336
          4.82316504929963        0.0634113289086996
          4.82677385217976        0.0635167253726913
           4.8303826550599        0.0629961272228203
          4.83399145794003        0.0633213207601715
          4.83760026082017        0.0632584946338422
           4.8412090637003        0.0624005953809645
          4.84481786658043        0.0637849480873772
          4.84842666946057        0.0628758322848344
           4.8520354723407        0.0634637309765636
          4.85564427522084        0.0641215920907968
          4.85925307810097        0.0625189426811503
          4.86286188098111         0.062678659484057
          4.86647068386124         0.062611737551525
          4.87007948674138        0.0617817473872472
          4.87368828962151        0.0619934603801865
          4.87729709250165        0.0620806017614981
          4.88090589538178        0.0629955091437639
          4.88451469826191        0.0617270289920009
          4.88812350114205          0.06238492022906
          4.89173230402218        0.0627578948169242
          4.89534110690232         0.062812894880259
          4.89894990978245        0.0619153874379736
          4.90255871266259        0.0643029713399999
          4.90616751554272        0.0614097113517245
          4.90977631842285        0.0620804941165044
          4.91338512130299        0.0619815884950577
          4.91699392418312        0.0620144418009853
          4.92060272706326        0.0606002583108778
          4.92421152994339        0.0612288672333507
          4.92782033282353        0.0611164249457784
          4.93142913570366         0.061717056145574
           4.9350379385838        0.0615439559687847
          4.93864674146393        0.0624083582041275
          4.94225554434406         0.061102473888826
           4.9458643472242         0.061589906494028
          4.94947315010433        0.0607084152715641
          4.95308195298447        0.0612123568076647
           4.9566907558646        0.0603974235202659
          4.96029955874474        0.0603014818256988
          4.96390836162487        0.0615573620959384
            4.967517164505        0.0628262258431389
          4.97112596738514        0.0601707879040454
          4.97473477026527        0.0615517434379517
          4.97834357314541        0.0616267639714661
          4.98195237602554        0.0604823128848481
          4.98556117890568        0.0619487935599959
          4.98916998178581        0.0590845699560907
          4.99277878466595        0.0605163374011875
          4.99638758754608        0.0614125299276346
          4.99999639042621        0.0610931167196376
          5.00360519330635        0.0601066129294667
          5.00721399618648        0.0603517465402619
          5.01082279906662        0.0593384553657465
          5.01443160194675         0.060139517871566
          5.01804040482689        0.0593247600941727
          5.02164920770702        0.0587599099723849
          5.02525801058716        0.0599022334896457
          5.02886681346729        0.0602825824355256
          5.03247561634742        0.0595604849078916
          5.03608441922756        0.0599110962961273
          5.03969322210769        0.0598510246456788
          5.04330202498783        0.0605688727132156
          5.04691082786796        0.0588244713084508
           5.0505196307481        0.0595269516676998
          5.05412843362823        0.0576118106022874
          5.05773723650836        0.0601781459001786
           5.0613460393885        0.0591923567377093
          5.06495484226863        0.0590572752970354
          5.06856364514877        0.0598801538518135
           5.0721724480289        0.0594938627531741
          5.07578125090904        0.0593895651956373
          5.07939005378917        0.0596270513576872
          5.08299885666931         0.059627308377339
          5.08660765954944        0.0585190969527601
          5.09021646242957         0.058437089578414
          5.09382526530971         0.059866966325547
          5.09743406818984        0.0583124894878318
          5.10104287106998        0.0590707362057847
          5.10465167395011        0.0587832976070441
          5.10826047683025        0.0586607148071156
          5.11186927971038        0.0581327008715452
          5.11547808259052        0.0579857315143229
          5.11908688547065        0.0598361832863668
          5.12269568835078        0.0580671858386334
          5.12630449123092        0.0577482027413532
          5.12991329411105        0.0574128314857123
          5.13352209699119        0.0593226812645178
          5.13713089987132        0.0594272180959937
          5.14073970275146        0.0570208542722912
          5.14434850563159        0.0584219638643501
          5.14795730851172        0.0585689650445876
          5.15156611139186        0.0573789149664048
          5.15517491427199         0.058279058210913
          5.15878371715213        0.0582026643429846
          5.16239252003226         0.059555596434808
           5.1660013229124        0.0569336779946638
          5.16961012579253        0.0585738560316867
          5.17321892867267        0.0589465358298024
           5.1768277315528        0.0581512308319042
          5.18043653443293        0.0584754352045775
          5.18404533731307        0.0574134684151644
           5.1876541401932         0.058087302342577
          5.19126294307334        0.0575052753096766
          5.19487174595347        0.0578922986812894
          5.19848054883361        0.0587387858291074
          5.20208935171374        0.0566225137339851
          5.20569815459388        0.0582604258801522
          5.20930695747401         0.057196295661311
          5.21291576035414        0.0578905957580066
          5.21652456323428         0.057442951631178
          5.22013336611441        0.0568806072147088
          5.22374216899455        0.0567526055344188
          5.22735097187468        0.0587346094298818
          5.23095977475482        0.0562555084823902
          5.23456857763495        0.0567175197635922
          5.23817738051508        0.0566767238346106
          5.24178618339522        0.0567916864923693
          5.24539498627535         0.056473079034921
          5.24900378915549        0.0565503830805948
          5.25261259203562        0.0577186459209501
          5.25622139491576          0.05684453598477
          5.25983019779589        0.0562563904508043
          5.26343900067603        0.0572132902279556
          5.26704780355616        0.0562761662967169
          5.27065660643629        0.0571911352701763
          5.27426540931643        0.0558979925989221
          5.27787421219656        0.0565361927780891
           5.2814830150767        0.0563110762507683
          5.28509181795683        0.0560792076188449
          5.28870062083697        0.0564694234677381
           5.2923094237171        0.0574186007748625
          5.29591822659723        0.0570296321876932
          5.29952702947737         0.056192261835474
           5.3031358323575        0.0552143178178947
          5.30674463523764        0.0557458394549773
          5.31035343811777        0.0562752086600262
          5.31396224099791        0.0559281006177594
          5.31757104387804        0.0559011927791579
          5.32117984675818        0.0551863081121233
          5.32478864963831        0.0542473148262916
          5.32839745251844        0.0551884382217898
          5.33200625539858        0.0554820064902431
          5.33561505827871        0.0551879268743852
          5.33922386115885        0.0554936004904074
          5.34283266403898        0.0562380312325503
          5.34644146691912        0.0570942197241209
          5.35005026979925        0.0546515904926815
          5.35365907267939        0.0569709132926895
          5.35726787555952        0.0558836320241954
          5.36087667843965        0.0545884978554203
          5.36448548131979        0.0546140036974094
          5.36809428419992        0.0549258830066312
          5.37170308708006        0.0543445107076158
          5.37531188996019        0.0552615211450644
          5.37892069284033        0.0552159467643858
          5.38252949572046        0.0558645121121227
          5.38613829860059        0.0549996898299912
          5.38974710148073        0.0552981568775957
          5.39335590436086        0.0543429830910308
            5.396964707241        0.0551610947173485
          5.40057351012113        0.0550333214684275
          5.40418231300127        0.0548504197386476
           5.4077911158814        0.0551607480514059
          5.41139991876154        0.0541875862933564
          5.41500872164167        0.0554301949942577
           5.4186175245218        0.0527113768983867
          5.42222632740194        0.0530638680968648
          5.42583513028207        0.0555141422242283
          5.42944393316221        0.0548442816131198
          5.43305273604234        0.0541707732435993
          5.43666153892248        0.0561224542912791
          5.44027034180261        0.0536215436958534
          5.44387914468275        0.0522685015608736
          5.44748794756288        0.0546629665474626
          5.45109675044302        0.0546093166934025
          5.45470555332315        0.0536127533130224
          5.45831435620328        0.0538251126443582
          5.46192315908342        0.0522273034537717
          5.46553196196355        0.0541629855260453
          5.46914076484369        0.0552375832188166
          5.47274956772382        0.0543756798124494
          5.47635837060395        0.0538109779174509
          5.47996717348409        0.0536735888844503
          5.48357597636422        0.0533607507325042
          5.48718477924436        0.0527770020643071
          5.49079358212449        0.0533384846954944
          5.49440238500463        0.0537893386249322
          5.49801118788476         0.053915909502918
           5.5016199907649         0.054337865291153
          5.50522879364503        0.0544921026533654
          5.50883759652517        0.0544289523983763
           5.5124463994053        0.0527950083601866
          5.51605520228543        0.0523968924748167
          5.51966400516557        0.0543721288027119
           5.5232728080457        0.0527193513980429
          5.52688161092584        0.0545663789450121
          5.53049041380597        0.0534784717668358
          5.53409921668611        0.0535956583631918
          5.53770801956624        0.0539183645012682
          5.54131682244637        0.0534786179889487
          5.54492562532651        0.0523082109528376
          5.54853442820664        0.0541141094523984
          5.55214323108678        0.0520471642106502
          5.55575203396691        0.0523650838340146
          5.55936083684705        0.0522877176259912
          5.56296963972718         0.055027524271767
          5.56657844260732        0.0531233548305011
          5.57018724548745        0.0537170286767657
          5.57379604836758         0.052396005012852
          5.57740485124772        0.0510801605572171
          5.58101365412785        0.0542951916879598
          5.58462245700799        0.0503495960541463
          5.58823125988812        0.0519723359189627
          5.59184006276826        0.0514974905264709
          5.59544886564839        0.0531660613188056
          5.59905766852853        0.0528546664636598
          5.60266647140866        0.0527560513815283
          5.60627527428879        0.0521721139806189
          5.60988407716893        0.0528174927990707
          5.61349288004906        0.0516868763341898
           5.6171016829292        0.0524875665587666
          5.62071048580933        0.0530625787611912
          5.62431928868947        0.0520197616206098
           5.6279280915696        0.0529891630053595
          5.63153689444973        0.0533281118445671
          5.63514569732987        0.0506389785293757
             5.63875450021        0.0526326378393878
          5.64236330309014        0.0526729562153453
          5.64597210597027        0.0514906955476664
          5.64958090885041        0.0533287392464034
          5.65318971173054        0.0517405581703981
          5.65679851461068        0.0518813019984934
          5.66040731749081        0.0536095637506526
          5.66401612037095        0.0513391044137576
          5.66762492325108        0.0517766222633977
          5.67123372613121        0.0517177072070271
          5.67484252901135        0.0510080650285785
          5.67845133189148        0.0542218103536659
          5.68206013477162        0.0515266896188006
          5.68566893765175        0.0523038906188042
          5.68927774053188         0.051394771571668
          5.69288654341202        0.0505517240208508
          5.69649534629215        0.0529958608262029
          5.70010414917229        0.0515891719879051
          5.70371295205242         0.051731519920192
          5.70732175493256        0.0503014364900813
          5.71093055781269        0.0512864513413848
          5.71453936069283        0.0527609011517472
          5.71814816357296        0.0519136997918583
          5.72175696645309        0.0506383431020128
          5.72536576933323         0.052403446061646
          5.72897457221336        0.0519736380692026
           5.7325833750935        0.0511745283331985
          5.73619217797363        0.0499691390998986
          5.73980098085377        0.0494925337626585
           5.7434097837339        0.0516256264002602
          5.74701858661404        0.0512502877699282
          5.75062738949417        0.0496978761719388
           5.7542361923743        0.0507159335728432
          5.75784499525444        0.0526028747498428
          5.76145379813457          0.04987256882609
          5.76506260101471        0.0505206565863545
          5.76867140389484        0.0511839607858858
          5.77228020677498        0.0508369397898604
          5.77588900965511        0.0493900006870419
          5.77949781253524        0.0508510878593595
          5.78310661541538         0.050653920668716
          5.78671541829551        0.0494247139000998
          5.79032422117565        0.0503563804622178
          5.79393302405578        0.0493122308080253
          5.79754182693592        0.0501673985053256
          5.80115062981605        0.0511060932079227
          5.80475943269619        0.0491073090972536
          5.80836823557632        0.0497822873865973
          5.81197703845646        0.0501090751009086
          5.81558584133659        0.0476591869119179
          5.81919464421672        0.0483994101121703
          5.82280344709686        0.0488602662049993
          5.82641224997699        0.0496349344808827
          5.83002105285713        0.0485997251634587
          5.83362985573726         0.049450898481682
          5.83723865861739        0.0497313763831736
          5.84084746149753        0.0488719472457631
          5.84445626437766        0.0497403796370337
           5.8480650672578        0.0489203125490658
          5.85167387013793        0.0481192109092227
          5.85528267301807        0.0491810233367626
           5.8588914758982        0.0486871827938649
          5.86250027877834        0.0497849126524033
          5.86610908165847        0.0508363286759365
          5.86971788453861        0.0487937240523953
          5.87332668741874        0.0482252286610868
          5.87693549029887        0.0487326593147913
          5.88054429317901        0.0491183033914422
          5.88415309605914        0.0478554144916851
          5.88776189893928        0.0509825023707806
          5.89137070181941        0.0495569914136625
          5.89497950469955        0.0481739817222944
          5.89858830757968        0.0471125516665871
          5.90219711045981        0.0495337952966672
          5.90580591333995        0.0476230700061156
          5.90941471622008        0.0513167073663529
          5.91302351910022        0.0468854255550974
          5.91663232198035        0.0484192883098412
          5.92024112486049        0.0487493545519284
          5.92384992774062        0.0470816580103872
          5.92745873062076        0.0492517824591991
          5.93106753350089        0.0493372143004485
          5.93467633638102        0.0504262077215723
          5.93828513926116        0.0462549866888957
          5.94189394214129          0.04601918299453
          5.94550274502143         0.050692149716547
          5.94911154790156        0.0486840897359641
           5.9527203507817        0.0465786210594481
          5.95632915366183        0.0476537031321136
          5.95993795654197        0.0477372599088071
           5.9635467594221        0.0453065650286019
          5.96715556230223        0.0473239300306382
          5.97076436518237        0.0449393535620166
           5.9743731680625        0.0477254220811115
          5.97798197094264        0.0468231699662525
          5.98159077382277        0.0477323457313934
           5.9851995767029        0.0488733565634036
          5.98880837958304        0.0468583975345147
          5.99241718246317        0.0471959814939294
          5.99602598534331        0.0489646517606587
          5.99963478822344        0.0474654670260575
          6.00324359110358        0.0470326652859839
          6.00685239398371        0.0476442397202469
          6.01046119686385         0.047507254128943
          6.01406999974398        0.0468855517572681
          6.01767880262412        0.0467551532860035
          6.02128760550425         0.046078583458917
          6.02489640838438        0.0451638439560545
          6.02850521126452        0.0461013982632791
          6.03211401414465        0.0461525173513476
          6.03572281702479        0.0460864713285347
          6.03933161990492        0.0465131622088253
          6.04294042278506        0.0459594129701973
          6.04654922566519        0.0473721851091148
          6.05015802854532        0.0474899904432062
          6.05376683142546        0.0450983265912403
          6.05737563430559        0.0488462528799784
          6.06098443718573         0.044163721563818
          6.06459324006586        0.0470796714137381
            6.068202042946        0.0464001545277817
          6.07181084582613        0.0443579319878566
          6.07541964870627        0.0464887865112818
           6.0790284515864        0.0471838469592321
          6.08263725446653        0.0465581638157512
          6.08624605734667        0.0459936796965981
           6.0898548602268        0.0460694791777354
          6.09346366310694        0.0456596994353167
          6.09707246598707        0.0457656601197339
          6.10068126886721        0.0444872091920193
          6.10429007174734        0.0455668437600722
          6.10789887462748        0.0435565795061473
          6.11150767750761        0.0446949926231909
          6.11511648038775        0.0457537613921433
          6.11872528326788        0.0456867735306706
          6.12233408614801         0.046056543397215
          6.12594288902815        0.0462582791765271
          6.12955169190828        0.0444869690743472
          6.13316049478842        0.0444071725689826
          6.13676929766855        0.0453688846957731
          6.14037810054869        0.0464954656687576
          6.14398690342882        0.0452125980932566
          6.14759570630895        0.0460789893989327
          6.15120450918909        0.0469761464405742
          6.15481331206922        0.0454945854940211
          6.15842211494936        0.0447146893689794
          6.16203091782949        0.0450838782133543
          6.16563972070963        0.0480973796077938
          6.16924852358976        0.0446322693819804
           6.1728573264699        0.0445556459919677
          6.17646612935003        0.0454562351861109
          6.18007493223016        0.0453322125250424
           6.1836837351103        0.0450440485239427
          6.18729253799043        0.0474814061006984
          6.19090134087057        0.0453547993385804
           6.1945101437507         0.046050656575983
          6.19811894663084         0.045606496131946
          6.20172774951097        0.0464002372598572
          6.20533655239111         0.046401270764796
          6.20894535527124        0.0448661104342174
          6.21255415815137        0.0433142852897546
          6.21616296103151        0.0452795302765648
          6.21977176391164        0.0449223514469905
          6.22338056679178        0.0424594603776814
          6.22698936967191        0.0441292460408905
          6.23059817255204        0.0455036646821672
          6.23420697543218        0.0453665310725086
          6.23781577831231        0.0448498538559014
          6.24142458119245        0.0428769766857179
          6.24503338407258        0.0434956972465349
          6.24864218695272        0.0444291844115791
          6.25225098983285        0.0435782848101633
          6.25585979271299        0.0448525756783086
          6.25946859559312        0.0445889673573201
          6.26307739847326        0.0446274401967469
          6.26668620135339        0.0479528983322821
          6.27029500423352        0.0422848675609826
          6.27390380711366        0.0443718886851876
          6.27751260999379        0.0449184121201936
          6.28112141287393        0.0472508353418541
          6.28473021575406        0.0448801464152853
           6.2883390186342        0.0451449228747172
          6.29194782151433        0.0432636985574294
          6.29555662439446        0.0434150876747282
           6.2991654272746        0.0447974254311488
          6.30277423015473        0.0438130286261204
          6.30638303303487        0.0437107229036019
            6.309991835915        0.0437974639672525
          6.31360063879514        0.0451401868220253
          6.31720944167527        0.0417643759737803
          6.32081824455541        0.0453374724717537
          6.32442704743554        0.0423330658176322
          6.32803585031567        0.0438226531381806
          6.33164465319581        0.0440750095705395
          6.33525345607594        0.0453609312026567
          6.33886225895608        0.0421305727310073
          6.34247106183621        0.0432682203085895
          6.34607986471635         0.042833641151897
          6.34968866759648        0.0426598003750119
          6.35329747047662        0.0423827976163075
          6.35690627335675        0.0400057466613057
          6.36051507623688        0.0436400661448229
          6.36412387911702        0.0418914980379973
          6.36773268199715        0.0426671253468548
          6.37134148487729        0.0432812822106067
          6.37495028775742        0.0403609016340602
          6.37855909063755        0.0428307269069198
          6.38216789351769        0.0453689478865785
          6.38577669639782        0.0407623373738686
          6.38938549927796        0.0430122356821068
          6.39299430215809        0.0413340018582231
          6.39660310503823        0.0427308655150432
          6.40021190791836        0.0391481168457399
           6.4038207107985        0.0438781920052021
          6.40742951367863        0.0428255543128392
          6.41103831655877        0.0374595701676153
           6.4146471194389        0.0412108245538896
          6.41825592231903        0.0428684689433792
          6.42186472519917         0.042965547753955
           6.4254735280793        0.0424838864580511
          6.42908233095944        0.0404030723913125
          6.43269113383957        0.0428745210464196
          6.43629993671971        0.0426233120701118
          6.43990873959984        0.0439828025277899
          6.44351754247997          0.04425018689442
          6.44712634536011        0.0429384428110293
          6.45073514824024        0.0418967992307514
          6.45434395112038        0.0415800280478857
          6.45795275400051        0.0427249192411732
          6.46156155688065         0.043159791548514
          6.46517035976078        0.0457091749252088
          6.46877916264092        0.0414707092171337
          6.47238796552105        0.0415835305267219
          6.47599676840118        0.0437486446753912
          6.47960557128132        0.0434991375758294
          6.48321437416145        0.0435477420097626
          6.48682317704159        0.0429691899495989
          6.49043197992172        0.0422384574144035
          6.49404078280186        0.0432771617649666
          6.49764958568199        0.0438890412658494
          6.50125838856213        0.0410531125168794
          6.50486719144226         0.042387800154659
          6.50847599432239        0.0429201616966782
          6.51208479720253        0.0420278008200857
          6.51569360008266        0.0438977920563471
           6.5193024029628        0.0399834569050641
          6.52291120584293        0.0452888766168957
          6.52652000872307        0.0397518207436272
           6.5301288116032        0.0434491982366388
          6.53373761448333        0.0406633178172189
          6.53734641736347        0.0442546296854083
           6.5409552202436        0.0422252210162588
          6.54456402312374        0.0411477146438513
          6.54817282600387        0.0431352718396309
          6.55178162888401        0.0420205493556382
          6.55539043176414        0.0397796763887128
          6.55899923464428        0.0442708350944164
          6.56260803752441        0.0425794419332316
          6.56621684040455        0.0424854647564918
          6.56982564328468        0.0433571165766981
          6.57343444616481        0.0422676139487439
          6.57704324904495        0.0414948456701277
          6.58065205192508        0.0396114191345704
          6.58426085480522        0.0425488503787137
          6.58786965768535        0.0434548123705522
          6.59147846056548        0.0450589348231624
          6.59508726344562        0.0410420916905362
          6.59869606632575        0.0435792623920699
          6.60230486920589        0.0418445914623389
          6.60591367208602        0.0472811943007204
          6.60952247496616        0.0431183715220843
          6.61313127784629        0.0417107390817732
          6.61674008072643        0.0420738046942558
          6.62034888360656        0.0409732554054184
          6.62395768648669        0.0438875362151916
          6.62756648936683        0.0386025263260137
          6.63117529224696        0.0428272271758714
           6.6347840951271        0.0406776308119162
          6.63839289800723         0.038363381867687
          6.64200170088737         0.039366205152846
           6.6456105037675        0.0421767245210563
          6.64921930664764        0.0417153203929983
          6.65282810952777        0.0447612646889511
          6.65643691240791        0.0391714537921639
          6.66004571528804        0.0381008028911998
          6.66365451816817        0.0445049503530893
          6.66726332104831        0.0453355392841111
          6.67087212392844        0.0386324470140304
          6.67448092680858        0.0429296802691097
          6.67808972968871        0.0413214873787561
          6.68169853256884        0.0386838387569167
          6.68530733544898        0.0417741138407482
          6.68891613832911        0.0481189865765792
          6.69252494120925        0.0406920010751644
          6.69613374408938        0.0435770749920335
          6.69974254696952        0.0390746264307902
          6.70335134984965        0.0425427099910266